-0.011227 -0.167937 -0.146107
-0.055154 -0.432078 0.037328
-0.341713 -0.058418 -0.214780
-0.321932 -0.138671 0.097488
0.281853 -0.245960 -0.071000
-0.038096 -0.242469 0.154173
-0.193991 -0.171487 -0.193488
-0.232303 -0.266645 0.019787
-0.139712 -0.113882 -0.304742
0.078435 -0.230606 -0.271829
-0.060957 -0.098593 -0.311155
-0.291956 -0.265015 0.216170
-0.404819 -0.204563 0.147530
-0.330422 -0.149205 -0.287727
-0.294418 -0.168670 -0.104804
-0.046349 -0.396408 -0.122776
-0.376486 -0.317284 0.086953
-0.141736 -0.294053 -0.227207
-0.429828 -0.083634 -0.031985
-0.347913 -0.303528 0.010485
-0.081670 -0.391816 0.157564
0.010935 -0.252261 -0.192306
0.028715 -0.229194 -0.084140
-0.113744 -0.215712 -0.016689
-0.344787 -0.040420 -0.264506
-0.170113 -0.161016 -0.032041
-0.263115 -0.206949 0.009874
-0.040490 -0.243140 -0.450492
-0.325396 -0.094459 -0.085070
-0.238219 -0.375242 -0.020988
0.195821 -0.247933 -0.141601
0.120370 -0.263847 0.121605
-0.106822 -0.222264 -0.190594
-0.143424 -0.307876 -0.133791
0.023538 -0.336310 -0.012134
0.064556 -0.319701 -0.186886
-0.222125 -0.031906 -0.392659
0.122447 -0.265280 -0.140159
0.138680 -0.128204 -0.373987
-0.191736 -0.334527 0.115498
-0.277185 -0.216967 0.230051
-0.213966 -0.231023 -0.326387
-0.289655 -0.234239 -0.272991
0.030646 -0.200901 -0.000678
-0.116690 -0.330843 0.245565
0.106968 -0.269501 -0.054547
-0.007125 -0.374531 0.121168
0.092407 -0.353492 -0.161542
0.218091 -0.309487 -0.030346
0.043141 -0.487665 0.019755
0.185458 -0.352048 -0.262974
-0.448874 -0.195870 -0.028874
-0.286350 -0.264844 -0.226826
-0.414198 -0.166283 0.116449
-0.380480 -0.173711 -0.276158
-0.123197 -0.163264 -0.276833
-0.095220 -0.053698 -0.399049
-0.427470 -0.257513 -0.177680
-0.266225 -0.009764 -0.370110
-0.414540 -0.045299 -0.167662
-0.137863 -0.342232 -0.214255
-0.295886 -0.388150 -0.091558
-0.261039 -0.342302 0.096866
-0.041957 -0.478079 -0.155546
-0.255009 -0.383360 0.055855
-0.149951 -0.426749 0.270779
-0.403850 -0.307550 -0.109319
-0.013304 -0.216123 -0.108364
-0.008591 -0.206579 -0.208254
-0.130223 -0.422335 0.045276
-0.032761 -0.335166 -0.039020
-0.230778 -0.116802 -0.076147
0.110245 -0.389144 0.102851
-0.241745 -0.175974 0.159472
0.199024 -0.309218 -0.182439
-0.414372 -0.237068 0.186134
0.347778 -0.314731 -0.014544
-0.056170 -0.346608 -0.141636
0.181015 -0.441171 0.041340
-0.350585 -0.145311 -0.021654
0.277670 -0.363454 -0.180150
-0.297654 -0.421187 -0.014380
-0.437384 -0.279105 0.034729
0.207414 -0.289114 0.086434
-0.101618 -0.115322 -0.338942
0.101302 -0.271511 0.167735
0.272131 -0.218247 -0.159345
-0.132871 -0.181374 -0.121881
0.236791 -0.173838 -0.302798
-0.150867 -0.307969 0.009415
-0.075310 -0.229225 0.117354
0.068783 -0.373061 0.221835
-0.209367 -0.251119 -0.124882
-0.010174 -0.353966 -0.119269
-0.368649 -0.232223 0.180564
0.104199 -0.240261 0.024876
-0.292838 -0.214157 -0.174476
-0.022218 -0.219686 0.032230
-0.022594 -0.287050 -0.266076
-0.167040 -0.170461 -0.248138
-0.197801 -0.212138 0.172567
0.083685 -0.188107 -0.154823
-0.102714 -0.202708 -0.305969
-0.011106 -0.115861 -0.315979
-0.258813 -0.155347 -0.284854
-0.169334 -0.286550 0.297576
0.104464 -0.365596 0.058816
-0.225157 -0.087523 -0.200828
-0.003179 -0.148874 -0.352217
-0.191359 -0.170152 0.075108
-0.341569 -0.252010 -0.110552
-0.303436 -0.181209 0.081570
-0.236723 -0.109994 -0.283910
0.066530 -0.322830 -0.288745
-0.418841 -0.180118 -0.172466
-0.325000 -0.225815 0.255784
0.026823 -0.397890 0.213807
-0.246123 -0.202900 -0.267662
0.099302 -0.437052 0.001670
-0.194014 -0.203729 -0.053864
0.053728 -0.336178 0.253141
0.058266 -0.362363 0.023233
0.263642 -0.443133 -0.065430
-0.341800 -0.123105 0.052386
-0.063709 -0.370204 -0.254845
-0.123580 -0.301369 -0.089022
-0.295928 -0.483746 -0.049483
0.169330 -0.289307 -0.063503
-0.081740 -0.343970 0.184974
0.150511 -0.316595 0.244868
0.036325 -0.497898 -0.027510
-0.160322 -0.428705 0.100532
-0.075017 -0.402991 0.232949
-0.368991 -0.406361 -0.017298
-0.395696 -0.232101 -0.223720
-0.372125 -0.362835 -0.126374
-0.032815 -0.384488 0.038854
-0.065219 -0.286071 -0.299887
-0.088419 -0.478618 0.105308
-0.316065 -0.393182 0.172067
-0.083899 -0.446007 -0.288317
-0.239737 -0.295825 -0.223681
-0.213393 -0.408955 -0.133599
-0.109377 -0.440256 0.146249
0.216843 -0.425070 -0.202489
-0.214399 -0.424141 -0.015135
0.136024 -0.472124 -0.013442
-0.214809 -0.451016 -0.163322
-0.154941 -0.515621 -0.065296
0.071565 -0.358624 -0.216202
0.019178 -0.457700 0.152313
0.029851 -0.507787 -0.129696
-0.214805 -0.315407 -0.350319
-0.214884 -0.403474 0.087983
0.007527 -0.464171 -0.148123
-0.347934 -0.358501 0.098340
0.203169 -0.368719 0.151880
0.022811 -0.183204 -0.106895
-0.009938 -0.459655 -0.068164
-0.188327 -0.222395 -0.197343
-0.055522 -0.214813 -0.247129
-0.131926 -0.405201 -0.071281
-0.337251 -0.147806 -0.200458
-0.084909 -0.254954 -0.007048
-0.104135 -0.218842 -0.118453
-0.198599 -0.382939 0.214452
-0.270493 -0.170691 0.043330
-0.048029 -0.279119 -0.353952
0.061366 -0.384605 0.074156
-0.361482 -0.319056 -0.189677
-0.276056 -0.333393 0.049761
-0.084234 -0.141318 -0.184811
0.109369 -0.300971 -0.279805
-0.007191 -0.302004 -0.136939
-0.158787 -0.270581 -0.266774
-0.196920 -0.125362 -0.329932
0.171374 -0.337803 -0.042878
0.293825 -0.321029 -0.209340
-0.407763 -0.094569 -0.171299
0.058393 -0.301823 -0.366749
0.144593 -0.414610 0.011894
-0.254007 -0.413411 -0.047587
-0.306469 -0.337272 -0.069796
-0.364920 -0.196225 -0.232037
0.191300 -0.321406 -0.340244
-0.391156 -0.268943 0.009475
0.279239 -0.287554 -0.097819
-0.237829 -0.219121 0.265567
-0.429329 -0.220574 -0.135674
0.288107 -0.297060 0.050033
0.048138 -0.243933 0.087124
-0.118023 -0.250540 0.134920
-0.171582 -0.164826 -0.439799
0.045332 -0.188812 -0.274112
-0.116522 -0.252574 -0.238060
0.125994 -0.213430 -0.277209
0.211356 -0.210737 -0.281579
-0.076029 -0.359048 0.056183
-0.170121 -0.328158 -0.032327
-0.071078 -0.233707 -0.417935
0.123078 -0.185856 -0.420378
0.003443 -0.362419 -0.065232
-0.084463 -0.404782 0.069213
0.053019 -0.159715 -0.362027
-0.189851 -0.269656 -0.021062
-0.200667 -0.084189 -0.151144
0.056419 -0.182607 -0.204278
0.044809 -0.289693 0.231195
-0.318306 -0.287809 -0.265142
-0.072530 -0.142786 -0.420472
0.108202 -0.219092 -0.124743
-0.173758 -0.266944 -0.353422
-0.393592 -0.189826 0.036091
0.168286 -0.336980 0.157035
-0.064297 -0.221185 -0.035350
0.145704 -0.377518 -0.069552
-0.369489 -0.122956 -0.290307
0.326545 -0.214329 -0.213658
-0.129110 -0.078572 -0.367644
-0.168887 -0.258996 -0.148993
-0.001091 -0.240601 -0.376812
-0.088885 -0.187098 -0.158078
0.122474 -0.222301 -0.377157
-0.164318 -0.225464 -0.244165
-0.271085 -0.248587 0.051380
0.150487 -0.357312 0.093363
0.032495 -0.113661 -0.346385
-0.163232 -0.235248 0.215103
-0.166658 -0.197604 -0.406341
-0.195398 -0.188306 0.129860
-0.191633 -0.293325 0.148120
0.081176 -0.359083 -0.022089
-0.295997 -0.184214 -0.298241
0.237280 -0.265771 -0.227767
-0.325822 -0.110421 -0.323255
-0.211536 -0.065446 -0.295194
0.058371 -0.238796 0.002683
-0.232292 -0.303527 0.109052
-0.170042 -0.161986 -0.147155
0.104752 -0.337393 0.220066
-0.114709 -0.119198 -0.447485
0.229952 -0.222144 -0.359548
-0.286744 -0.248784 -0.049991
0.086193 -0.387035 -0.077703
-0.350181 -0.316192 -0.238880
-0.078438 -0.315414 -0.069193
0.074342 -0.254468 -0.354767
0.222606 -0.369433 -0.119995
-0.254981 -0.075379 -0.410015
0.008329 -0.307246 0.075584
-0.370347 -0.144291 0.113092
-0.303120 -0.167639 -0.020885
-0.405242 -0.115407 -0.227677
0.134082 -0.425619 0.205754
-0.273442 -0.103391 -0.369276
0.026602 -0.123700 -0.443416
-0.076754 -0.306255 0.217532
0.254097 -0.401711 -0.043127
-0.261976 -0.115649 -0.231315
-0.162114 -0.204328 -0.008610
0.082311 -0.305694 -0.134467
-0.058784 -0.310633 -0.174602
-0.027721 -0.429903 -0.171379
-0.306051 -0.259073 -0.154933
0.052655 -0.304375 0.100512
0.190010 -0.394605 0.023284
-0.324912 -0.131813 -0.114603
-0.186212 -0.205288 0.036226
0.192234 -0.365209 -0.167149
-0.310862 -0.198362 -0.066144
-0.177196 -0.324602 -0.083472
-0.018064 -0.334714 -0.285064
-0.111066 -0.350139 -0.259117
-0.216188 -0.312524 -0.183839
0.171951 -0.181829 -0.285379
-0.168805 -0.393907 -0.149277
-0.253886 -0.386075 -0.183721
0.010397 -0.304465 -0.193004
0.174322 -0.249304 0.003205
-0.293370 -0.433848 -0.117185
-0.187386 -0.342103 0.025436
-0.307123 -0.210572 0.035968
0.225593 -0.289191 -0.140066
-0.009740 -0.469984 -0.198053
0.176342 -0.293321 -0.014394
-0.084883 -0.264378 0.085192
0.247639 -0.353209 0.129413
0.060218 -0.463681 -0.140414
-0.094472 -0.465906 0.052088
0.218297 -0.380094 -0.234938
-0.155918 -0.457111 -0.080732
0.176809 -0.468467 -0.055906
-0.086598 -0.420920 -0.244005
-0.050285 -0.309369 0.169981
-0.291917 -0.376208 -0.040760
-0.309762 -0.222270 -0.323770
-0.332516 -0.356526 -0.216621
-0.074467 -0.436455 -0.150730
0.104195 -0.348215 -0.320019
0.111803 -0.464624 0.082611
0.205662 -0.413552 -0.139395
-0.007040 -0.404392 -0.092008
-0.031100 -0.332767 -0.340141
0.002913 -0.519721 0.066550
-0.307581 -0.363112 0.126238
-0.092905 -0.302586 -0.394548
-0.153446 -0.373706 0.188673
0.098468 -0.427471 -0.166733
-0.341299 -0.381690 0.047759
-0.032506 -0.458739 -0.291807
-0.143632 -0.373152 -0.297777
-0.212458 -0.353678 -0.269315
-0.029330 -0.458714 0.161212
0.257818 -0.441521 0.048613
-0.255528 -0.128710 -0.409235
-0.120191 -0.167229 -0.423833
0.032602 -0.297782 -0.426195
-0.122902 -0.030178 -0.432969
0.188836 -0.146332 -0.365854
0.045781 -0.077502 -0.444865
0.288144 -0.322141 -0.269305
0.180894 -0.278519 -0.316508
0.286722 -0.176388 -0.328140
-0.018839 -0.294415 -0.431882
0.100200 -0.091232 -0.443642
0.357491 -0.274581 -0.166593
0.320523 -0.404983 -0.110528
-0.190983 -0.287494 -0.392279
0.032766 -0.459462 -0.230324
0.288662 -0.299040 -0.313975
-0.069417 -0.399159 -0.363729
0.060114 -0.353369 -0.352176
-0.175140 -0.019799 -0.419454
0.113445 -0.271054 -0.378964
0.003440 -0.168950 -0.433820
0.188046 -0.455072 -0.160533
0.042803 -0.185273 -0.457931
0.290121 -0.341460 -0.092257
0.144089 -0.467462 -0.255536
-0.120596 -0.415709 0.188105
-0.427326 -0.072987 -0.083969
-0.271589 -0.241764 0.311657
-0.435619 -0.166733 -0.115803
-0.348835 -0.318357 0.185933
-0.369576 -0.400020 0.083852
-0.188666 -0.321311 0.325806
-0.446147 -0.245353 -0.049246
-0.320448 -0.277687 0.257106
-0.426495 -0.339132 -0.036264
-0.392706 -0.152496 0.071017
-0.413965 -0.307192 0.114893
-0.023485 -0.294567 0.298970
-0.442944 -0.140088 -0.014785
-0.074896 -0.275059 0.307077
-0.367271 -0.150996 0.211383
0.032560 -0.398747 0.301648
-0.276901 -0.387564 0.205604
-0.437715 -0.098126 0.047799
-0.053187 -0.418456 0.303093
-0.216888 -0.452646 0.095184
-0.432582 -0.293984 -0.067449
-0.258611 -0.240041 -0.136594
0.304905 -0.391283 -0.215600
-0.162290 -0.268878 0.113367
0.014122 -0.206819 -0.165252
0.034537 -0.190726 -0.052364
-0.190158 -0.462584 0.010969
-0.025017 -0.249762 0.110068
0.019962 -0.277100 -0.235758
-0.037578 -0.336802 0.277275
0.232759 -0.297445 -0.327950
-0.123980 -0.116635 -0.401100
-0.093853 -0.296966 -0.141331
0.250601 -0.375793 0.082630
-0.057694 -0.482345 0.021524
-0.081115 -0.517038 0.065277
0.003328 -0.310022 0.252599
-0.090719 -0.352047 0.283322
0.050640 -0.316071 -0.235091
0.325388 -0.237892 -0.257076
-0.129387 -0.413069 -0.007106
0.250734 -0.333625 0.201387
0.015358 -0.351060 0.047856
0.056383 -0.141442 -0.313812
-0.314014 -0.073036 -0.172477
0.109558 -0.183174 -0.200711
-0.080954 -0.185050 -0.212936
-0.356657 -0.322304 -0.086101
0.256003 -0.408478 -0.235734
0.002476 -0.335764 -0.412273
0.285408 -0.412411 -0.007793
-0.205552 -0.126786 -0.228718
0.109473 -0.523899 -0.013678
-0.149367 -0.254291 0.263949
-0.147661 -0.251253 -0.196879
-0.187280 -0.110664 -0.280528
0.050981 -0.269272 -0.059873
0.152609 -0.335874 -0.168083
-0.282512 -0.162840 0.132817
-0.111330 -0.492594 -0.066528
-0.238942 -0.197544 -0.187540
0.020790 -0.303906 0.028957
-0.028514 -0.113174 -0.415486
-0.123660 -0.512106 0.095071
0.080727 -0.241818 -0.403990
0.142048 -0.328187 -0.253327
0.179779 -0.260300 -0.211320
0.308627 -0.397311 -0.160581
0.251781 -0.318087 0.011140
-0.304010 -0.343500 0.173929
0.223891 -0.461298 0.021661
-0.115829 -0.188125 0.030306
0.208345 -0.326646 -0.078925
0.220422 -0.246862 -0.317302
0.255194 -0.403268 -0.144805
-0.390924 -0.191129 -0.133781
0.365863 -0.333559 -0.106748
-0.264438 -0.368803 -0.287493
0.051342 -0.528112 0.052783
-0.252864 -0.478343 0.063635
-0.269734 -0.389316 0.103816
-0.162010 -0.340844 -0.168369
0.343619 -0.317960 -0.150487
-0.036323 -0.377315 -0.300135
-0.232369 -0.240348 -0.052140
-0.280628 -0.291493 0.294047
0.176197 -0.397106 -0.225173
-0.029662 -0.160461 -0.398446
-0.166706 -0.478035 -0.032255
0.227046 -0.340020 -0.207129
-0.370678 -0.246354 0.086127
-0.123823 -0.330983 -0.316287
-0.397747 -0.124235 -0.040335
-0.359461 -0.151783 -0.147570
0.116276 -0.396141 -0.035427
-0.209965 -0.362837 -0.160649
-0.124465 -0.283225 0.227397
-0.110786 -0.431292 0.236550
0.151358 -0.216205 -0.099736
0.164190 -0.467730 0.077290
-0.433986 -0.239326 -0.001013
0.190031 -0.293170 0.134361
-0.067289 -0.430256 0.187357
-0.307835 -0.286387 0.038886
0.146440 -0.347435 -0.349755
-0.072933 -0.187986 -0.400565
0.212641 -0.227128 -0.231167
0.191256 -0.210316 -0.185165
0.174925 -0.116324 -0.412745
-0.155294 -0.324263 -0.267485
-0.236070 -0.092948 -0.332666
0.040600 -0.170721 -0.155331
-0.119792 -0.456808 -0.171029
0.149506 -0.429299 -0.132385
-0.037239 -0.257558 -0.116536
-0.146371 -0.214520 0.157202
0.274689 -0.274707 0.005379
-0.087381 -0.391763 -0.090558
-0.019898 -0.244105 -0.328740
0.326567 -0.263112 -0.084747
0.251866 -0.286388 -0.283562
0.226252 -0.252084 -0.180671
-0.111319 -0.437691 0.091607
-0.025991 -0.418350 0.233475
-0.182907 -0.333588 0.197966
-0.011484 -0.130204 -0.237943
-0.157272 -0.356689 0.235909
0.329729 -0.363134 -0.022717
-0.029424 -0.345388 0.077381
0.035393 -0.273680 0.172240
0.157123 -0.154427 -0.328072
0.118190 -0.305405 -0.088840
-0.042116 -0.385239 -0.052707
-0.328362 -0.381293 -0.005775
0.150490 -0.364500 0.040029
-0.062199 -0.451374 -0.200557
0.025411 -0.378056 0.261224
-0.233511 -0.138906 0.063003
-0.113651 -0.258485 -0.424904
-0.104594 -0.339974 0.006255
-0.149521 -0.211385 -0.160268
-0.013569 -0.344452 -0.170321
-0.347455 -0.235696 -0.195436
-0.288371 -0.350000 -0.185879
-0.184755 -0.135124 -0.068655
-0.095101 -0.321033 0.140858
-0.005987 -0.372627 0.187117
-0.411751 -0.124692 -0.091610
-0.190760 -0.270611 -0.225359
0.026035 -0.265415 -0.338655
-0.230910 -0.309097 0.054546
0.001931 -0.395646 -0.146219
-0.330603 -0.447571 -0.086112
-0.050443 -0.225437 -0.367438
-0.052892 -0.205847 -0.312591
-0.258279 -0.249244 -0.186388
-0.048809 -0.277546 -0.063817
-0.310208 -0.334254 0.012287
0.184569 -0.442668 -0.006695
0.196731 -0.371446 0.072600
-0.050537 -0.381344 0.198789
-0.279021 -0.338115 -0.112158
-0.087946 -0.485723 -0.019787
-0.212593 -0.271664 0.325061
-0.337882 -0.210266 0.102236
-0.413206 -0.260007 0.139107
0.123569 -0.325108 0.174801
0.102784 -0.237317 -0.318940
-0.247601 -0.256668 -0.298283
-0.150459 -0.233286 -0.049567
-0.204579 -0.442035 -0.063330
0.008519 -0.250282 -0.139011
-0.176429 -0.418371 -0.231429
0.130508 -0.407159 -0.202577
-0.407388 -0.208587 -0.048035
0.177669 -0.309731 0.199000
-0.366639 -0.186576 -0.183036
0.223824 -0.412167 -0.089048
-0.264996 -0.431194 0.080987
-0.208455 -0.199927 -0.235359
-0.215734 -0.313141 -0.008491
0.111947 -0.220429 -0.071951
0.349750 -0.244096 -0.129829
0.035618 -0.343220 -0.152943
0.082773 -0.420015 0.202892
-0.321501 -0.358333 0.211954
-0.073429 -0.175987 -0.271006
0.082054 -0.399545 -0.334515
-0.195394 -0.200698 -0.284736
-0.314239 -0.123609 -0.161722
0.018114 -0.237737 -0.032747
-0.097557 -0.287409 0.348874
-0.118440 -0.241221 0.032906
-0.060924 -0.227430 -0.083193
0.206903 -0.311710 0.024704
0.117223 -0.511657 -0.107120
-0.209294 -0.217499 0.222213
-0.129589 -0.392123 -0.226673
0.277720 -0.249330 -0.198775
0.042333 -0.398804 0.119513
0.112351 -0.450065 -0.219192
0.097278 -0.290285 0.086696
-0.097882 -0.103436 -0.227246
0.207622 -0.423990 -0.044425
-0.227119 -0.504172 -0.107606
0.111698 -0.413978 0.152063
0.038068 -0.483596 0.068282
-0.169726 -0.242863 -0.308942
-0.151041 -0.418491 -0.186145
-0.287082 -0.106166 -0.278940
-0.325511 -0.352193 -0.118234
0.287190 -0.269450 -0.245561
-0.239823 -0.108824 -0.129432
0.119904 -0.258613 -0.246350
0.162603 -0.258198 -0.392325
-0.274227 -0.212826 -0.223978
-0.263992 -0.177645 0.206146
0.073438 -0.343143 0.177582
-0.274706 -0.426810 -0.207209
-0.172888 -0.088492 -0.194315
-0.074384 -0.337703 -0.296652
-0.173691 -0.387005 0.060131
-0.019066 -0.387015 -0.348997
0.129646 -0.318566 0.292076
0.052543 -0.353039 -0.064649
-0.065859 -0.140294 -0.233117
0.068683 -0.217225 0.045554
0.246809 -0.324256 -0.111069
0.243620 -0.450082 -0.022260
-0.059844 -0.482147 -0.066504
-0.173718 -0.099459 -0.386087
0.003869 -0.477911 0.102713
-0.035850 -0.134223 -0.191681
0.064357 -0.411868 0.030012
0.068502 -0.430990 -0.257264
-0.165355 -0.305758 0.245588
-0.009255 -0.095673 -0.367832
-0.008437 -0.429016 0.116530
-0.242563 -0.158911 -0.103006
-0.343207 -0.274046 0.210218
0.000000 -0.322565 0.174424
0.181841 -0.400598 -0.278336
0.305923 -0.407819 -0.056558
-0.231679 -0.393442 0.174781
0.235578 -0.341641 -0.264140
-0.259404 -0.468243 0.116044
0.085771 -0.188192 -0.302026
-0.302938 -0.072007 -0.244053
-0.288594 -0.199944 0.172150
-0.391639 -0.255198 -0.132802
0.238808 -0.187940 -0.248671
-0.226519 -0.262628 0.072428
-0.184932 -0.333273 -0.308042
0.136120 -0.433082 0.110595
-0.117760 -0.347559 0.324003
-0.267318 -0.119983 -0.037656
-0.304709 -0.293936 -0.021013
-0.223350 -0.164944 -0.056605
-0.291850 -0.172304 -0.248674
-0.173000 -0.160154 0.021889
-0.065186 -0.314866 0.037907
-0.164515 -0.336893 0.070150
-0.283974 -0.079448 -0.321145
-0.180762 -0.421106 0.187653
-0.011528 -0.429797 0.193177
0.313336 -0.271905 -0.032761
0.099593 -0.154792 -0.388807
0.035472 -0.283838 -0.014836
-0.433384 -0.289533 -0.016890
0.336572 -0.261148 -0.213161
-0.230927 -0.218752 0.043724
0.000577 -0.285072 0.207522
-0.275974 -0.291854 0.079200
-0.367312 -0.057063 -0.169190
0.114897 -0.500636 -0.217892
0.300143 -0.383274 0.076832
-0.129682 -0.244025 0.084791
-0.260382 -0.337665 0.151488
-0.263314 -0.297204 0.247584
-0.192721 -0.242491 0.290414
-0.076618 -0.076244 -0.354483
0.039190 -0.262632 -0.393500
0.289350 -0.320134 -0.146662
-0.061896 -0.370524 0.323771
-0.351405 -0.360858 0.155404
-0.272850 -0.299642 -0.071667
0.092395 -0.432534 0.245887
-0.113152 -0.163243 -0.053485
-0.213585 -0.188612 -0.408967
-0.166189 -0.112993 -0.434279
0.162710 -0.284496 -0.260491
-0.358996 -0.192766 0.236407
0.022868 -0.430564 -0.183559
-0.106104 -0.211398 -0.069046
-0.276772 -0.247899 0.167237
0.332192 -0.335055 0.031812
0.124723 -0.311349 -0.027812
-0.009350 -0.479789 -0.250138
-0.048152 -0.188287 -0.445360
0.108495 -0.344980 -0.063049
0.150585 -0.362221 0.263733
-0.350189 -0.194458 -0.310646
0.172644 -0.410907 -0.176348
0.201437 -0.268572 -0.359524
-0.004390 -0.390498 -0.195967
-0.143728 -0.283170 0.057123
0.065013 -0.390334 0.168222
-0.051237 -0.354745 -0.089422
0.201969 -0.503495 -0.103183
-0.178617 -0.373156 -0.203632
-0.058180 -0.318714 -0.253656
-0.357642 -0.103822 -0.173289
-0.222223 -0.209951 -0.099904
-0.358371 -0.186990 -0.048618
0.014641 -0.184039 -0.385428
-0.090458 -0.410267 -0.040373
-0.109776 -0.138973 -0.139822
0.138743 -0.309741 -0.130356
0.244186 -0.435198 0.100172
0.039837 -0.440231 -0.007422
-0.168593 -0.354890 -0.119256
0.154107 -0.354054 0.211426
-0.052530 -0.406986 -0.008419
-0.170405 -0.370793 -0.066998
0.222857 -0.486395 -0.145495
-0.263628 -0.456233 -0.025553
-0.169635 -0.195381 -0.328990
0.078022 -0.260305 -0.155234
-0.347945 -0.189511 0.005406
-0.096154 -0.413961 -0.190986
0.058829 -0.369766 -0.302247
-0.116146 -0.500198 0.149061
-0.186759 -0.220907 -0.368584
-0.343833 -0.100742 -0.039987
0.009638 -0.391139 -0.280648
-0.424723 -0.322129 0.068463
0.259677 -0.319279 -0.056409
-0.382129 -0.222686 -0.091508
0.074610 -0.299104 0.195901
-0.247062 -0.418254 -0.097633
-0.190760 -0.248700 -0.075179
0.204033 -0.359802 0.200006
0.088174 -0.153621 -0.446715
-0.187247 -0.374829 -0.016378
0.082418 -0.502998 0.087765
-0.378279 -0.161221 0.160539
0.222368 -0.269828 0.002319
0.284725 -0.312958 0.097827
-0.006548 -0.204391 -0.276619
-0.125707 -0.377832 0.071073
0.075828 -0.349304 -0.112208
0.086010 -0.256219 -0.099198
0.243907 -0.244052 -0.116823
0.105205 -0.322599 -0.377111
-0.374187 -0.282893 0.120810
-0.046681 -0.319899 0.119774
0.055908 -0.270552 0.045616
-0.061315 -0.177579 -0.060633
0.025866 -0.452761 -0.102776
-0.306191 -0.263276 0.125101
-0.001674 -0.472236 -0.018302
-0.043780 -0.068557 -0.393120
0.024916 -0.306584 0.333396
0.141933 -0.314180 0.119720
-0.068548 -0.276116 0.133093
0.178370 -0.221193 -0.360861
0.280214 -0.362383 0.167245
0.140179 -0.263751 0.048713
-0.210977 -0.259112 -0.179786
0.223314 -0.140161 -0.397740
-0.112218 -0.202991 -0.247432
0.077099 -0.485665 -0.091163
0.002308 -0.075718 -0.417168
-0.430101 -0.187742 0.069858
-0.044092 -0.293009 0.346306
-0.312052 -0.179956 0.228211
0.058889 -0.354594 0.301971
-0.186345 -0.390000 0.264959
-0.375112 -0.146269 0.022554
0.021188 -0.356636 0.333743
-0.210398 -0.472583 0.141491
-0.362776 -0.353194 0.012461
-0.316247 -0.407500 0.088831
-0.142480 -0.490134 -0.212218
-0.258935 -0.416625 -0.255103
-0.291602 -0.436095 -0.065724
-0.162250 -0.460712 -0.253469
0.167838 -0.444562 -0.216205
-0.193632 -0.432251 0.235133
-0.349366 -0.368451 -0.076516
0.060819 -0.530868 0.001259
-0.169230 -0.498825 -0.112134
-0.195762 -0.521991 -0.029295
0.139647 -0.511436 0.022259
-0.053181 -0.419759 -0.321209
-0.021092 -0.522202 0.110623
-0.072826 -0.519246 0.121693
0.178247 -0.500107 -0.166941
-0.238381 -0.322359 -0.302640
-0.125907 -0.335547 -0.369140
-0.095497 -0.475910 0.236390
-0.093759 -0.495734 -0.149221
-0.129165 -0.512755 -0.018508
-0.226138 -0.443281 0.176403
-0.016983 -0.491098 -0.107579
-0.378676 -0.404961 0.032540
-0.248108 -0.508879 -0.057522
-0.002982 -0.512562 -0.170554
0.009763 -0.538948 -0.090738
0.115635 -0.500717 -0.055832
0.032422 -0.396290 -0.344508
-0.168889 -0.508340 0.014567
0.133002 -0.504133 0.071702
-0.150232 -0.456734 0.223238
-0.037838 -0.527714 0.036924
0.207442 -0.469950 -0.199708
-0.309066 -0.345259 -0.261947
-0.200815 -0.481681 0.054831
-0.347595 -0.400903 -0.157578
0.070525 -0.524966 -0.050245
-0.032231 -0.364360 -0.387966
0.000228 -0.481871 0.196333
0.009811 -0.438872 -0.270941
-0.224026 -0.400162 -0.289671
0.064892 -0.497988 -0.223734
-0.227780 -0.441823 -0.215852
0.103019 -0.394435 -0.286704
-0.303770 -0.471464 0.000336
-0.210446 -0.485299 -0.201899
-0.153674 -0.411393 -0.327857
0.110269 -0.460732 0.176820
-0.291894 -0.202339 -0.364933
-0.267892 -0.243819 -0.347892
0.379208 -0.280254 -0.015541
-0.400281 -0.257793 -0.043738
-0.173875 -0.458473 -0.194609
0.362086 -0.230191 -0.180989
-0.136658 -0.451971 -0.297910
-0.260912 -0.205984 0.082379
0.100253 -0.473564 0.130939
-0.259054 -0.175925 -0.393747
-0.044546 -0.269533 0.195316
-0.223972 -0.260082 -0.366944
-0.341817 -0.402456 0.128460
0.366134 -0.297673 0.032124
-0.244044 -0.263176 -0.092707
0.116909 -0.388832 0.234111
-0.054047 -0.232976 -0.200994
-0.143623 -0.139907 -0.098897
-0.235453 -0.205496 -0.364582
-0.328980 -0.292040 0.090444
-0.176701 -0.282003 -0.104699
-0.314195 -0.138639 -0.059949
-0.340861 -0.076651 -0.129172
0.034008 -0.401215 -0.231298
0.126902 -0.508730 -0.164123
-0.390257 -0.359067 0.054840
0.281422 -0.346791 0.048550
0.029455 -0.181470 -0.321226
-0.199251 -0.237775 -0.412555
-0.168967 -0.378091 0.110379
-0.142743 -0.070644 -0.419268
-0.040755 -0.479339 0.120614
-0.020639 -0.332431 0.016921
0.035618 -0.375522 -0.110348
0.151416 -0.303362 -0.210853
0.157469 -0.485683 -0.127319
0.043430 -0.273190 -0.112812
0.100328 -0.306413 -0.227400
-0.371608 -0.239061 0.225550
-0.256714 -0.291008 -0.335324
0.313314 -0.317210 -0.054144
-0.094629 -0.214321 0.068652
-0.141335 -0.294833 -0.395136
0.117996 -0.397085 0.279038
-0.375001 -0.273719 -0.084122
-0.235866 -0.350648 0.202709
0.148555 -0.475421 0.122405
-0.339935 -0.248168 -0.292901
0.093128 -0.301812 0.252439
-0.251594 -0.337764 0.272980
0.184296 -0.348692 0.004386
-0.140967 -0.494849 0.192314
0.134811 -0.382788 -0.158334
-0.205881 -0.408428 -0.185673
-0.213557 -0.362481 -0.105129
-0.195847 -0.262729 0.244610
-0.034143 -0.514314 -0.012180
-0.348766 -0.219354 -0.147039
0.155117 -0.299941 -0.364537
0.076577 -0.456548 0.048106
0.234166 -0.234558 -0.070722
-0.051986 -0.122793 -0.361394
0.136886 -0.421923 -0.252918
0.053216 -0.388717 -0.178002
0.240873 -0.447119 -0.166309
-0.035776 -0.249352 -0.006625
-0.154190 -0.114362 -0.148182
0.057425 -0.337779 -0.401036
0.019063 -0.408381 0.160665
-0.394639 -0.174155 -0.086844
-0.251820 -0.467027 -0.129769
-0.136704 -0.252737 -0.095813
-0.049413 -0.470096 0.209556
0.023445 -0.303280 -0.279330
0.123658 -0.358755 -0.114496
-0.345118 -0.273101 0.157738
-0.272910 -0.142429 -0.143219
0.219418 -0.321393 0.165334
0.164278 -0.394309 0.127063
-0.216663 -0.260002 0.182312
-0.057526 -0.521334 -0.164910
0.217350 -0.396153 0.114458
0.204446 -0.312103 -0.288865
-0.041405 -0.355159 0.153360
-0.310825 -0.311020 0.219102
-0.219887 -0.173074 -0.320317
0.053471 -0.471864 0.117042
0.331857 -0.307529 0.073863
-0.121533 -0.508672 0.035962
0.254384 -0.308895 -0.235418
-0.212326 -0.291619 -0.060440
-0.155714 -0.293247 -0.310193
-0.434537 -0.161674 -0.060415
-0.002770 -0.418797 -0.038697
-0.133455 -0.231261 -0.347239
-0.117959 -0.070973 -0.319994
-0.316025 -0.174753 -0.154440
-0.273251 -0.428877 0.175163
0.239947 -0.389061 0.169192
0.190268 -0.441004 0.112113
-0.013205 -0.290510 -0.315281
0.000638 -0.294071 -0.375475
-0.014385 -0.374259 -0.242831
-0.279433 -0.375741 -0.231922
-0.020894 -0.239098 -0.056913
0.083527 -0.208500 -0.441833
-0.159505 -0.338545 0.285646
-0.221491 -0.090328 -0.381724
-0.215006 -0.354013 0.072793
0.318315 -0.279267 -0.132832
-0.144651 -0.122355 -0.255657
-0.219580 -0.500249 0.093988
-0.121597 -0.293094 0.104268
-0.143368 -0.304637 0.337802
-0.171840 -0.414575 0.013770
-0.254130 -0.123031 0.016176
-0.068330 -0.366508 -0.336756
-0.072408 -0.321565 0.316194
-0.305692 -0.436334 -0.164419
0.112233 -0.378067 0.187308
-0.394095 -0.226234 -0.174894
0.101866 -0.289145 0.035264
0.000469 -0.322434 0.123245
0.122952 -0.263156 -0.196097
0.107968 -0.359019 0.310584
0.151505 -0.311406 0.021730
0.063845 -0.531477 -0.099620
-0.248983 -0.070148 -0.255000
-0.096728 -0.339889 -0.113032
0.274261 -0.401509 -0.095133
0.153218 -0.317998 -0.305078
-0.058106 -0.199131 -0.122965
0.148578 -0.367803 -0.297942
0.105237 -0.151302 -0.334915
-0.125756 -0.443982 -0.221331
0.015041 -0.508277 -0.217165
-0.030656 -0.167425 -0.100310
-0.021908 -0.532329 -0.129527
0.066947 -0.275524 -0.258424
-0.174657 -0.410986 -0.100219
-0.299066 -0.404400 0.039955
0.029180 -0.498640 -0.076999
0.297476 -0.447092 -0.094607
-0.216273 -0.331657 0.161315
-0.278695 -0.129018 -0.324583
0.259090 -0.213618 -0.319539
-0.082568 -0.156854 -0.460962
-0.092966 -0.391614 0.020102
-0.406418 -0.370975 0.004095
-0.405346 -0.174335 -0.223293
-0.095377 -0.286075 0.177669
0.161280 -0.390353 0.177778
-0.212284 -0.157095 -0.270562
-0.303204 -0.292564 0.171075
-0.190218 -0.375262 0.158202
-0.294846 -0.316705 -0.225159
-0.069411 -0.284155 -0.432036
-0.320017 -0.299241 -0.112568
0.070540 -0.307041 -0.085298
-0.198688 -0.491645 -0.070931
-0.281577 -0.250635 0.265235
0.173134 -0.228018 -0.307476
-0.013694 -0.432159 0.010518
-0.357244 -0.102795 -0.223933
-0.067605 -0.260785 0.039331
0.035730 -0.516337 0.106779
-0.324005 -0.284649 -0.066499
-0.385310 -0.198206 0.091177
0.055161 -0.251906 -0.443312
0.324682 -0.296081 -0.246958
-0.042203 -0.501951 -0.210028
0.279485 -0.317523 0.153541
-0.212358 -0.392997 -0.063249
-0.348570 -0.174707 0.062467
-0.100858 -0.263753 -0.054377
-0.406750 -0.126110 0.146099
-0.259183 -0.203365 -0.037747
0.329006 -0.313895 -0.099617
0.034160 -0.384353 -0.024695
-0.081429 -0.352332 -0.383575
0.132617 -0.317104 0.065744
0.224179 -0.470415 -0.069319
-0.337843 -0.318411 0.133889
0.239924 -0.283163 0.047655
0.203050 -0.256614 -0.040827
-0.332136 -0.199217 -0.268199
0.142893 -0.425512 -0.298274
-0.058984 -0.098865 -0.258604
-0.039109 -0.507521 0.164360
-0.171009 -0.252470 0.159967
-0.177249 -0.482457 0.104883
-0.188722 -0.326135 -0.226008
-0.091843 -0.314169 -0.218303
0.159097 -0.507032 -0.078719
0.299722 -0.353934 0.118631
-0.222826 -0.168552 0.030096
-0.366222 -0.144239 -0.244423
0.023673 -0.219312 0.047885
-0.152940 -0.405723 0.227495
0.045749 -0.467283 -0.279422
-0.340408 -0.332753 -0.033318
-0.067573 -0.268010 -0.243685
-0.410612 -0.107269 0.006651
-0.250253 -0.279550 -0.028409
-0.008072 -0.483648 0.032018
0.231338 -0.387793 -0.279696
0.072597 -0.118136 -0.415591
0.245386 -0.363352 -0.076055
-0.092907 -0.126827 -0.280061
-0.219200 -0.363204 -0.323723
0.151389 -0.228236 -0.159116
-0.294856 -0.427377 0.128429
-0.388322 -0.140294 -0.191612
0.109353 -0.230802 -0.022442
-0.044328 -0.057800 -0.441066
-0.301580 -0.459820 0.085180
0.343947 -0.311865 -0.202120
-0.267069 -0.103603 -0.174392
-0.322239 -0.227189 0.205179
-0.019380 -0.511004 -0.059218
-0.092818 -0.199982 -0.353590
-0.109554 -0.475335 -0.254068
0.256095 -0.483716 -0.106509
0.317020 -0.237729 -0.167495
0.083392 -0.315999 0.320625
0.081305 -0.147427 -0.274357
0.278353 -0.365847 -0.129895
0.089015 -0.228225 -0.221821
0.160744 -0.510431 -0.026686
-0.206277 -0.281315 -0.316389
-0.172572 -0.295848 -0.183731
-0.262729 -0.503743 -0.008678
-0.021112 -0.167817 -0.309100
0.024083 -0.352338 -0.206480
-0.391503 -0.319748 -0.008848
0.150462 -0.282983 0.162331
-0.291668 -0.046806 -0.284465
-0.153114 -0.248723 -0.396381
0.164260 -0.211449 -0.407296
0.024887 -0.377883 -0.389257
0.242504 -0.163119 -0.353658
-0.331092 -0.240033 -0.241565
-0.123343 -0.161110 -0.325465
-0.243006 -0.255237 0.226127
0.254777 -0.272463 -0.039412
-0.025259 -0.283638 0.028939
-0.285313 -0.158427 -0.195461
-0.165446 -0.512421 0.065374
-0.085958 -0.238098 -0.277611
0.106022 -0.224216 -0.174242
-0.017366 -0.369242 0.240957
-0.167553 -0.371098 -0.253223
-0.020396 -0.200448 -0.014667
-0.118977 -0.328317 0.053912
-0.013180 -0.281987 0.152356
-0.395581 -0.064606 -0.124393
0.233694 -0.411831 0.005833
0.050295 -0.523988 -0.176741
0.099775 -0.449328 -0.052418
-0.267447 -0.212361 -0.087873
-0.258168 -0.210577 -0.314332
0.308886 -0.286534 -0.181146
-0.079145 -0.100481 -0.401146
-0.254029 -0.041605 -0.321759
-0.160991 -0.137473 -0.206808
-0.065028 -0.516202 -0.105719
-0.256973 -0.467510 -0.180465
-0.222277 -0.391275 -0.234898
-0.346735 -0.238621 -0.053504
0.066948 -0.439575 0.156295
-0.190075 -0.470222 0.194468
-0.228824 -0.222534 0.315758
-0.216936 -0.102412 -0.430239
0.129967 -0.392648 -0.333383
-0.287887 -0.480380 -0.098052
0.033676 -0.214735 -0.418351
0.073680 -0.468391 0.210890
0.071698 -0.411638 -0.033060
-0.212520 -0.389599 0.028123
-0.306493 -0.158731 0.179671
-0.013427 -0.442789 0.066551
-0.283137 -0.253668 0.003077
-0.408967 -0.139641 -0.144255
-0.286537 -0.450980 0.037229
-0.210669 -0.440449 -0.260497
-0.084697 -0.357592 -0.043608
-0.276452 -0.346487 0.229335
-0.150900 -0.185659 -0.073078
-0.354880 -0.272701 -0.161269
-0.244272 -0.218157 0.189468
-0.384717 -0.276745 -0.204970
-0.152907 -0.382451 0.302235
-0.385368 -0.322950 0.150347
0.161019 -0.490883 -0.211335
-0.317535 -0.158191 0.026188
-0.032494 -0.172916 -0.237446
-0.244917 -0.166041 -0.231268
0.279592 -0.192781 -0.279508
0.044188 -0.311656 0.148366
-0.119774 -0.364277 0.155374
0.067219 -0.435271 -0.204284
0.041132 -0.090674 -0.391306
-0.050801 -0.401617 -0.216789
0.047607 -0.419467 -0.301999
-0.127352 -0.261181 0.314799
-0.178154 -0.244817 0.067919
-0.030814 -0.268357 -0.168049
-0.302031 -0.017990 -0.332074
-0.311691 -0.395759 -0.195414
-0.361921 -0.315930 -0.136789
-0.410949 -0.234121 0.047984
0.033793 -0.353844 -0.260246
0.093140 -0.473389 -0.258759
0.106869 -0.337071 0.019838
0.035383 -0.446168 0.199812
0.068536 -0.225957 -0.046057
-0.143923 -0.082030 -0.233057
-0.073185 -0.332942 0.360434
-0.075191 -0.476632 0.158278
0.001937 -0.272933 -0.086180
0.100084 -0.337118 0.097242
0.362061 -0.285079 -0.061280
0.293279 -0.248653 -0.295901
-0.134168 -0.264850 -0.014249
-0.393005 -0.065757 -0.210760
-0.042800 -0.179323 -0.183528
-0.330676 -0.177058 0.275129
0.238209 -0.339845 -0.157989
-0.108920 -0.081727 -0.272234
0.075779 -0.196222 -0.394189
-0.120264 -0.304557 0.290714
0.110625 -0.417784 0.056970
-0.171442 -0.081249 -0.333110
-0.137309 -0.464106 0.012959
-0.237731 -0.417771 0.216503
0.173090 -0.418391 -0.083417
-0.255625 -0.415170 0.010441
0.065369 -0.314123 0.010461
-0.116113 -0.376851 -0.343941
0.092488 -0.441271 -0.300161
-0.398930 -0.352876 -0.083207
-0.391804 -0.309260 0.039669
0.101010 -0.369070 -0.370024
-0.270565 -0.066943 -0.206080
-0.208597 -0.305197 0.274465
0.051305 -0.226882 -0.313415
0.072988 -0.312396 -0.038216
0.267663 -0.360607 -0.227200
0.017025 -0.538858 -0.037238
0.159547 -0.276891 0.092005
-0.338629 -0.436155 0.058828
-0.039380 -0.136437 -0.278933
0.031473 -0.350647 0.096729
0.048217 -0.300597 0.286612
-0.124647 -0.473468 -0.117183
-0.199319 -0.494523 -0.151793
-0.236456 -0.310449 0.310409
-0.260664 -0.304079 0.195351
0.092725 -0.396040 -0.128824
0.136606 -0.463232 -0.087072
0.017728 -0.394616 0.022791
0.071780 -0.393500 0.270378
0.015036 -0.177571 -0.238459
-0.438765 -0.192427 0.019549
-0.330521 -0.056985 -0.311107
-0.089414 -0.366339 -0.208436
-0.307132 -0.105255 -0.206068
0.245325 -0.443646 -0.116342
-0.207641 -0.354971 0.292652
-0.143565 -0.369036 0.022667
-0.075712 -0.304476 0.266016
-0.437452 -0.206604 -0.085126
-0.213105 -0.134254 -0.016791
-0.300374 -0.388937 -0.146165
0.139792 -0.179289 -0.243083
-0.303582 -0.362349 0.073190
-0.307246 -0.118102 -0.003199
-0.390310 -0.108086 0.052752
-0.059443 -0.356624 0.001177
-0.344709 -0.188367 0.185278
-0.300680 -0.326057 0.263082
-0.255830 -0.160900 -0.010857
-0.227479 -0.371618 0.125753
-0.093524 -0.254524 -0.377971
0.017113 -0.132397 -0.395127
-0.115961 -0.152908 -0.227247
-0.014711 -0.378950 0.302452
-0.278160 -0.119507 -0.091795
-0.007668 -0.421854 0.277182
-0.193224 -0.063728 -0.420220
0.005210 -0.252734 -0.432722
-0.070768 -0.466725 -0.112339
0.127186 -0.129821 -0.424242
-0.147954 -0.199134 0.066808
-0.358540 -0.283104 -0.032020
-0.219623 -0.510195 0.018676
-0.073755 -0.154076 -0.317990
-0.260272 -0.253810 0.108485
-0.392586 -0.191780 0.197927
-0.149994 -0.408165 0.148242
-0.293966 -0.256499 -0.098314
-0.220492 -0.159394 -0.145345
0.179924 -0.486383 0.026223
0.133069 -0.294788 -0.410711
0.037177 -0.226548 -0.235782
-0.108128 -0.296905 -0.270522
0.361847 -0.333362 -0.056746
-0.129046 -0.164026 -0.176403
0.198969 -0.336930 0.111277
-0.319366 -0.163580 -0.335934
0.092992 -0.309881 0.138199
-0.290336 -0.213084 0.121780
0.010467 -0.253850 0.014896
0.090004 -0.478322 -0.181028
-0.002944 -0.209383 -0.456771
-0.104430 -0.422002 -0.326993
-0.069380 -0.351690 0.237240
-0.034380 -0.288939 -0.214236
-0.305242 -0.214637 -0.122301
-0.257224 -0.334880 -0.255187
0.080479 -0.117314 -0.365143
-0.211135 -0.050932 -0.346974
-0.043305 -0.344798 -0.210639
-0.028333 -0.141923 -0.456777
-0.129473 -0.416696 -0.270533
0.227088 -0.208719 -0.149777
0.008376 -0.502354 0.148458
0.139719 -0.460117 -0.175274
0.253148 -0.339763 -0.307449
-0.329217 -0.281987 -0.206476
0.009209 -0.157379 -0.194255
-0.168989 -0.283425 0.198719
-0.136070 -0.470676 0.118714
-0.029877 -0.328038 0.214894
-0.091117 -0.166097 -0.100085
-0.431736 -0.328496 0.017167
-0.126811 -0.349565 -0.074722
-0.051575 -0.429509 -0.075032
0.093075 -0.504058 0.035495
-0.159643 -0.336155 0.151644
-0.314402 -0.310824 -0.161354
0.272104 -0.417279 -0.190018
0.071642 -0.357169 0.128062
-0.062400 -0.105722 -0.454639
-0.333435 -0.406272 -0.053738
-0.418986 -0.119807 0.093953
-0.129880 -0.324658 0.195574
-0.334138 -0.449462 -0.034549
-0.149794 -0.129187 -0.352469
0.015832 -0.144921 -0.279750
-0.012597 -0.288991 -0.025900
-0.379257 -0.086920 -0.075602
-0.241086 -0.215703 0.136553
0.011443 -0.342591 -0.365694
-0.241778 -0.467026 0.016532
-0.410916 -0.274875 0.079170
-0.296238 -0.269914 -0.309709
0.205844 -0.186384 -0.385307
0.179337 -0.327723 0.282083
0.227019 -0.281671 -0.083365
-0.238159 -0.379504 0.248263
-0.215896 -0.342324 -0.053126
-0.016456 -0.244780 -0.239117
-0.122394 -0.385049 0.262332
0.310194 -0.377567 0.022207
-0.359251 -0.103281 0.007160
0.192253 -0.329449 -0.132314
-0.339254 -0.328523 0.054512
-0.266356 -0.331702 -0.028553
0.046011 -0.455382 -0.054793
-0.310635 -0.216225 -0.018481
-0.023942 -0.335687 0.333088
0.180646 -0.286887 -0.112346
-0.167900 -0.418143 -0.039395
-0.196183 -0.075812 -0.242911
-0.374780 -0.110381 -0.122160
-0.002521 -0.423428 -0.317408
0.331108 -0.365934 -0.076876
-0.427621 -0.145789 0.036391
-0.385428 -0.279472 0.180786
0.147206 -0.431221 -0.041706
-0.143792 -0.470472 0.066431
0.076205 -0.435102 -0.096899
0.097873 -0.245291 0.075300
-0.314875 -0.128383 -0.244053
0.123182 -0.242438 -0.424066
0.173543 -0.390017 -0.026532
-0.054837 -0.387358 0.273085
-0.167601 -0.363806 -0.343349
0.160240 -0.407654 0.073259
0.233341 -0.385023 -0.185069
-0.146305 -0.497636 -0.159602
0.199662 -0.187214 -0.331937
-0.083479 -0.257807 0.221188
-0.192809 -0.168228 -0.365671
-0.065243 -0.302823 -0.014744
0.139258 -0.375374 -0.248491
-0.196329 -0.316518 -0.137219
-0.227586 -0.433892 0.047440
-0.219351 -0.477988 -0.027467
0.109525 -0.464567 -0.130809
-0.105926 -0.291027 0.020738
-0.177084 -0.415314 -0.285487
-0.193332 -0.122865 -0.116168
0.287517 -0.362742 -0.045814
-0.211492 -0.214106 0.090489
0.160766 -0.333186 -0.091265
0.145042 -0.218947 -0.211156
-0.244801 -0.424487 0.131744
0.131937 -0.463199 0.035917
-0.053975 -0.306189 -0.115036
-0.086761 -0.266123 -0.102485
-0.379456 -0.364041 -0.181157
-0.082632 -0.237773 0.169526
-0.129865 -0.342545 0.108741
-0.239752 -0.141427 -0.188183
-0.216218 -0.300901 0.218013
0.318199 -0.348821 -0.237484
0.325605 -0.353715 -0.182773
-0.125272 -0.298947 -0.180817
-0.164083 -0.220082 0.111094
0.228555 -0.361572 0.032995
-0.165636 -0.450015 -0.142054
-0.120887 -0.425244 -0.125287
0.027990 -0.359022 0.152941
-0.129431 -0.162796 -0.006763
0.136764 -0.357974 -0.012524
-0.432440 -0.098252 -0.126851
0.329160 -0.359856 -0.129558
0.038070 -0.429320 0.251110
0.081947 -0.482885 -0.015190
-0.040880 -0.490165 0.071940
-0.110091 -0.373178 0.212780
0.094983 -0.350407 -0.260565
-0.447926 -0.113711 -0.062581
-0.090026 -0.389446 -0.293310
0.066908 -0.277560 -0.309482
-0.040453 -0.416343 -0.268897
0.006905 -0.394323 0.074825
0.297407 -0.325145 -0.005633
-0.367425 -0.270433 -0.252417
-0.081702 -0.526652 0.008230
-0.101592 -0.259456 0.268369
0.082583 -0.429439 0.104865
-0.380112 -0.363329 -0.037965
-0.073593 -0.243711 -0.151222
-0.032578 -0.405112 0.153686
-0.126693 -0.249819 0.187865
0.069101 -0.264033 0.129071
-0.103167 -0.338743 -0.165202
-0.271932 -0.297657 -0.183495
-0.117539 -0.312817 -0.034550
-0.065653 -0.432586 0.128654
-0.121459 -0.256038 -0.149240
-0.392407 -0.313087 -0.055595
-0.205238 -0.343724 0.245696
-0.250390 -0.333591 -0.152828
-0.101092 -0.440033 0.281844
0.125639 -0.164069 -0.289404
0.219400 -0.415689 0.062478
-0.378124 -0.223572 -0.272049
0.187950 -0.188342 -0.234958
0.268116 -0.396360 0.040956
0.041018 -0.217107 -0.361854
-0.291097 -0.125221 0.049917
-0.260806 -0.190871 -0.139977
0.190712 -0.242607 -0.089324
-0.073295 -0.525083 -0.047368
-0.168894 -0.155336 -0.298704
0.139344 -0.261046 -0.094843
-0.335610 -0.356202 -0.166500
-0.402330 -0.170087 -0.013303
-0.129667 -0.377998 -0.175744
-0.206569 -0.139873 -0.406504
0.170345 -0.379425 -0.119589
-0.043879 -0.316782 -0.393078
0.278527 -0.370657 -0.269138
0.213587 -0.467280 0.071146
0.266752 -0.368428 -0.001248
0.322801 -0.285909 0.017803
-0.118493 -0.519037 -0.108229
-0.234491 -0.285481 -0.146974
-0.170540 -0.254020 0.340127
-0.268466 -0.172693 -0.341152
-0.146247 -0.218829 -0.440449
0.111997 -0.305365 -0.175313
0.103703 -0.387436 0.013404
-0.209685 -0.253586 0.123828
-0.289311 -0.310090 0.124098
-0.215012 -0.229730 -0.006009
-0.130067 -0.378894 -0.118283
-0.049793 -0.383723 -0.172986
-0.205169 -0.246985 -0.271813
0.093428 -0.397799 -0.233320
0.193721 -0.456501 -0.108636
0.200704 -0.306435 -0.235916
-0.087207 -0.269825 -0.193805
-0.037978 -0.281060 0.245933
-0.037879 -0.245690 -0.285476
0.206025 -0.484786 -0.021292
-0.247454 -0.464464 -0.075493
-0.326023 -0.224946 0.153321
0.058492 -0.488761 0.164749
-0.237034 -0.265844 0.281736
0.017084 -0.252570 -0.284248
-0.090511 -0.386652 -0.145545
0.038317 -0.407061 -0.072223
-0.310594 -0.071464 -0.356656
-0.101736 -0.396583 0.305504
0.367732 -0.284270 -0.113361
-0.070255 -0.214668 0.020929
-0.255611 -0.362905 -0.074295
0.132818 -0.269867 -0.004127
0.081292 -0.509202 -0.141179
0.206692 -0.430354 -0.248204
-0.189438 -0.295338 0.084410
-0.275312 -0.291855 -0.128405
-0.159442 -0.070382 -0.283045
0.030964 -0.315366 -0.326186
-0.013016 -0.375157 -0.011685
0.022563 -0.312503 -0.056290
-0.320168 -0.194609 -0.211723
-0.003497 -0.323390 -0.237603
0.025959 -0.442851 0.038643
-0.026306 -0.442672 -0.119888
-0.262559 -0.055979 -0.367208
-0.022575 -0.212190 -0.411053
-0.237113 -0.348129 -0.210256
0.010652 -0.527664 0.014110
0.121064 -0.351505 -0.206638
0.036746 -0.434858 0.084844
-0.337285 -0.430564 0.013077
0.321876 -0.204176 -0.294835
-0.371894 -0.233246 0.131774
-0.040076 -0.288417 0.079256
-0.079526 -0.245924 -0.329004
-0.383352 -0.221056 -0.005484
0.064369 -0.272202 -0.205874
0.081946 -0.290873 -0.415475
0.181366 -0.325509 0.062975
-0.272133 -0.142686 0.090546
-0.400004 -0.297378 -0.160554
-0.030232 -0.219505 -0.157620
-0.420102 -0.228112 0.100909
-0.331289 -0.174218 0.136332
0.239953 -0.305419 0.120345
-0.058407 -0.445278 0.084453
-0.096240 -0.071849 -0.443367
-0.092925 -0.491246 -0.202390
0.187840 -0.271793 0.045185
-0.279097 -0.370552 0.009144
-0.100538 -0.444361 -0.080013
-0.011937 -0.191892 -0.062502
0.125762 -0.292836 0.208331
-0.271372 -0.162208 -0.061766
-0.106897 -0.463611 0.192657
-0.273949 -0.386169 0.153759
0.145842 -0.177805 -0.371262
0.251849 -0.237197 -0.270430
-0.259139 -0.424888 -0.155026
-0.125029 -0.112237 -0.188242
0.195511 -0.374486 -0.072145
-0.180069 -0.436001 0.057366
0.146194 -0.253918 -0.344136
0.084930 -0.273784 -0.011095
-0.266005 -0.302385 0.014311
-0.167348 -0.315986 -0.355468
-0.009617 -0.092034 -0.459957
0.163836 -0.281427 -0.164218
0.018685 -0.272388 0.117871
0.200443 -0.358468 -0.308772
0.261800 -0.260116 -0.335300
-0.046371 -0.228691 0.073350
-0.339445 -0.404182 -0.109886
-0.249052 -0.286213 0.150117
-0.124445 -0.451498 -0.036917
-0.114638 -0.395717 0.116082
-0.196021 -0.422859 0.136747
0.221962 -0.362877 -0.026975
-0.337377 -0.251309 0.005210
0.286847 -0.439111 -0.141895
-0.090752 -0.441183 0.004577
-0.037783 -0.264486 -0.401201
-0.190128 -0.171600 -0.101721
0.253021 -0.297856 -0.185484
-0.057891 -0.445120 0.257785
0.039783 -0.479103 -0.183329
-0.290733 -0.092009 -0.129542
0.296373 -0.236487 -0.118429
0.207135 -0.326869 0.239149
-0.050008 -0.173512 -0.355533
0.100509 -0.351236 0.266818
-0.345443 -0.183298 -0.104516
0.011607 -0.337375 0.292073
-0.357266 -0.275543 0.050951
-0.395580 -0.357076 0.106321
-0.158641 -0.148126 -0.399131
-0.210300 -0.183087 -0.011325
0.064841 -0.326999 0.058698
-0.284749 -0.200337 0.280894
-0.236328 -0.244633 -0.233472
-0.380255 -0.079757 -0.259146
-0.081892 -0.316602 -0.345448
-0.058134 -0.467662 -0.247825
-0.233552 -0.167137 0.107869
-0.236607 -0.345744 0.021025
0.089301 -0.184964 -0.247199
0.047644 -0.146850 -0.238581
0.136635 -0.262131 -0.294594
-0.266099 -0.286712 -0.266798
0.154579 -0.439082 0.158120
0.112126 -0.294416 -0.332040
-0.117010 -0.214513 -0.400007
-0.207992 -0.299733 -0.267289
-0.146621 -0.195336 -0.210007
-0.313089 -0.244300 0.076571
0.028796 -0.322643 -0.106761
-0.167151 -0.248644 0.017944
-0.139810 -0.182217 -0.367605
-0.133940 -0.368717 -0.028758
-0.293446 -0.146005 -0.374119
-0.255128 -0.379844 -0.129548
0.166720 -0.229877 -0.255725
0.271743 -0.267948 -0.149663
-0.121957 -0.257081 -0.302543
-0.205046 -0.457959 -0.111240
0.242835 -0.205370 -0.199210
0.051012 -0.163653 -0.417556
-0.156480 -0.458951 0.161810
-0.012916 -0.431132 -0.226972
-0.287123 -0.319248 -0.298226
0.037687 -0.287715 -0.158714
-0.237415 -0.140510 -0.363177
0.200013 -0.418457 0.157831
0.183359 -0.204046 -0.130557
0.175305 -0.347357 -0.213279
-0.097953 -0.150884 -0.373737
-0.423660 -0.254794 -0.095216
0.052278 -0.221614 -0.132084
-0.360695 -0.135835 -0.076007
0.069527 -0.203196 -0.092463
0.237485 -0.327461 0.071551
-0.047875 -0.453911 -0.026066
-0.232447 -0.315421 -0.101464
-0.123173 -0.285381 -0.349785
-0.203681 -0.208196 -0.150357
0.001171 -0.258060 0.067246
0.011192 -0.361828 -0.318344
0.205594 -0.261576 -0.269571
-0.138878 -0.291740 0.154929
0.154418 -0.242888 -0.047191
-0.077252 -0.363169 0.111041
-0.082466 -0.317421 0.087156
-0.156808 -0.284542 -0.055885
0.270220 -0.395653 0.123154
-0.096465 -0.205738 -0.445127
0.046389 -0.417615 -0.136628
-0.356118 -0.222848 0.045425
0.123142 -0.360053 0.140836
-0.080443 -0.178717 -0.012312
0.123164 -0.416051 -0.090737
0.168330 -0.160653 -0.410324
-0.018821 -0.317307 -0.083409
-0.042090 -0.397021 0.091815
0.087233 -0.197703 -0.348218
-0.336828 -0.092082 -0.275027
0.281589 -0.215221 -0.234736
-0.170112 -0.048321 -0.377950
-0.169214 -0.218147 -0.111089
-0.190076 -0.288451 0.033794
-0.198163 -0.125768 -0.172150
0.054809 -0.226541 -0.182898
0.025803 -0.340995 0.213336
-0.009175 -0.199559 -0.345971
-0.058305 -0.150200 -0.141171
0.136506 -0.200045 -0.327053
-0.145837 -0.205801 -0.285847
