-0.491846 -0.209907 0.009406
-0.387619 -0.296434 0.239404
-0.490066 -0.262288 0.056518
-0.197818 -0.387202 0.331969
-0.473466 -0.069811 0.047390
-0.409107 -0.031805 -0.258644
-0.298592 -0.200131 0.336006
-0.390505 -0.134875 0.258877
-0.480863 -0.195812 -0.119263
-0.303323 0.035618 -0.373233
-0.446513 -0.166288 -0.243552
-0.316277 -0.191039 -0.401670
-0.467639 -0.035805 -0.088518
-0.449882 -0.382805 -0.009841
-0.213646 -0.316270 0.366285
-0.428486 -0.296319 0.182476
-0.076509 -0.296645 0.393641
-0.160084 -0.256215 0.389178
-0.351004 -0.157029 0.316241
0.086203 -0.318205 0.369703
0.299940 -0.438544 0.090654
0.269410 -0.327823 0.257793
0.058265 -0.388267 0.351581
0.368898 -0.311911 0.123693
0.225441 -0.399939 0.232499
0.420641 -0.277997 -0.005233
-0.477320 -0.317624 -0.047421
-0.403471 -0.378773 -0.225617
-0.310281 -0.430354 0.222583
-0.434911 -0.380081 0.075979
-0.280695 -0.066441 -0.438187
-0.400732 -0.314944 -0.261193
-0.491483 -0.161276 -0.047872
-0.315169 -0.375233 0.266929
-0.460128 -0.125587 0.111602
-0.415492 -0.112886 -0.293805
0.040337 -0.490792 0.255709
-0.392141 -0.411063 0.140838
-0.314762 -0.270271 0.330619
-0.116885 -0.491024 0.279420
-0.447767 -0.209317 0.159161
-0.115616 -0.379410 0.360995
-0.421148 -0.185062 0.228769
0.118697 -0.518947 0.151914
-0.008126 -0.394329 0.355378
0.291574 -0.495301 -0.073224
0.118420 -0.485636 0.230647
0.242056 -0.532639 -0.123621
0.388275 -0.362615 -0.021796
-0.357226 0.005889 -0.319319
-0.452536 -0.048545 -0.169152
0.177588 -0.173692 -0.452759
-0.411876 -0.381921 -0.141603
0.299495 -0.388652 -0.292831
-0.398916 -0.263528 -0.311471
-0.115275 -0.216866 -0.482882
-0.163613 0.002294 -0.456335
-0.038049 -0.491754 0.270555
0.324214 -0.381725 0.149068
0.374824 -0.202591 -0.256560
0.362295 -0.356126 -0.235764
0.245531 -0.308991 -0.371710
0.117941 -0.207956 -0.482355
0.420492 -0.254944 -0.094942
-0.369544 -0.150269 -0.351493
0.221831 -0.521777 0.025437
0.200961 -0.466376 -0.286422
-0.037133 -0.185491 -0.498647
0.402672 -0.233853 -0.179378
-0.044609 -0.329822 -0.459032
0.155444 -0.263997 -0.450609
-0.463360 -0.137104 -0.173696
-0.001071 -0.038352 -0.483505
0.158237 -0.315662 0.351483
-0.458760 -0.284897 -0.209576
0.341512 -0.433008 -0.046574
0.323169 -0.317181 0.195736
-0.216696 -0.336298 -0.397428
-0.134652 -0.309840 -0.445029
0.289481 -0.140167 -0.375938
0.216423 -0.396946 -0.337946
0.230126 -0.108038 -0.426757
-0.229939 -0.120812 -0.467848
0.339264 -0.452856 -0.123507
0.078497 -0.054019 -0.480884
0.239842 -0.480920 0.131854
0.336884 -0.322924 -0.295878
0.037050 -0.332400 -0.461159
0.163759 -0.426458 0.265431
0.045414 -0.196582 -0.496334
0.391060 -0.325741 0.050416
0.154983 -0.082897 -0.457652
0.299078 -0.456756 -0.196313
0.392748 -0.318944 -0.159739
-0.321459 -0.029830 -0.386583
0.288394 -0.227643 -0.371974
-0.160017 -0.081968 -0.479093
0.002129 -0.393624 -0.427446
0.138113 -0.399650 -0.385542
-0.089867 -0.039115 -0.479611
-0.312789 -0.485731 -0.170839
-0.245985 -0.204957 -0.444276
0.285185 -0.497302 -0.149862
0.046581 -0.580498 -0.072740
-0.431261 -0.121819 0.188037
0.355621 -0.379466 0.089085
0.032177 -0.555948 -0.210547
0.132063 -0.561817 -0.064971
-0.458736 -0.291153 -0.127368
-0.033755 -0.571735 0.069355
0.186307 -0.469073 0.185506
-0.239016 -0.526336 -0.179688
0.345262 -0.249197 -0.310182
-0.245505 0.008249 -0.421256
-0.121776 -0.560432 0.073261
0.222415 -0.502511 -0.205388
-0.010491 -0.484989 -0.328472
-0.432843 -0.239628 -0.254294
0.093801 -0.562267 -0.145715
-0.445430 -0.365970 -0.083896
0.062774 -0.507054 -0.290150
0.332306 -0.421734 -0.242382
-0.284896 -0.273369 -0.388937
-0.279510 -0.424147 -0.302159
-0.487812 -0.242197 -0.063486
0.025781 -0.119264 -0.494407
-0.042906 -0.100643 -0.504434
-0.480164 -0.084300 -0.028541
0.176698 -0.543687 -0.129162
-0.245428 -0.476995 0.200029
0.181463 -0.518674 0.098579
0.038627 -0.577710 0.057739
-0.398516 -0.430782 -0.060980
0.380841 -0.386088 -0.101965
-0.340486 -0.492168 -0.083747
0.283323 -0.354970 -0.342876
-0.191971 -0.528938 0.137800
-0.270636 -0.337195 0.321949
-0.353336 -0.485919 0.003168
0.000026 -0.582575 -0.008066
-0.092687 -0.452426 -0.359662
0.132320 -0.382195 0.329839
-0.500936 -0.275359 -0.003838
-0.372814 -0.067991 -0.335119
-0.363960 -0.423558 -0.199490
0.358733 -0.399083 -0.174826
0.183884 -0.331310 -0.401624
-0.370479 -0.370964 0.207208
-0.165890 -0.449834 -0.354469
-0.219636 -0.280734 -0.437691
0.079897 -0.270540 -0.477291
-0.330975 -0.106954 -0.394386
-0.474977 -0.327151 0.035686
-0.126689 -0.548370 0.155255
-0.329781 -0.494958 0.083803
0.409916 -0.321427 -0.077785
-0.295871 -0.534873 -0.035250
-0.429402 -0.354739 0.148523
-0.142402 -0.438332 0.324422
-0.105433 -0.535115 -0.226392
-0.353635 -0.231439 -0.354948
0.315024 -0.294304 -0.358198
-0.055221 -0.371241 0.388516
-0.433288 -0.245751 0.232240
-0.254100 -0.415679 0.274881
-0.076350 -0.575528 0.003017
0.072723 -0.389261 -0.420158
-0.150098 -0.328962 0.377681
-0.227501 -0.562080 -0.061960
-0.475624 -0.203704 0.087028
-0.428191 -0.331538 -0.186493
-0.055138 -0.558579 0.141034
-0.369541 -0.226135 0.282768
-0.482251 -0.108985 -0.107799
-0.410600 -0.191444 -0.308400
0.285320 -0.474504 0.004518
-0.021088 -0.531000 -0.256243
-0.193843 -0.460251 0.272953
0.217091 -0.249248 -0.414244
-0.191257 -0.548531 -0.113227
0.156977 -0.545844 -0.196643
0.091484 -0.444059 0.297911
-0.483718 -0.141294 0.032445
-0.369515 -0.445693 -0.131213
-0.259278 -0.480497 -0.239649
0.158742 -0.552652 0.015773
-0.165670 -0.544865 -0.181527
-0.449172 -0.091586 -0.231386
-0.114546 -0.559659 -0.128923
-0.327653 -0.452830 0.154621
0.148705 -0.509999 -0.263744
-0.175707 -0.166044 -0.480997
-0.242740 -0.250948 0.360910
-0.147070 -0.563128 -0.030729
-0.275320 -0.532188 -0.112516
-0.071059 -0.266301 -0.486870
-0.284270 -0.352797 -0.344812
0.006714 -0.320048 0.386140
0.106776 -0.555217 0.079826
-0.411255 -0.434894 0.017648
0.377395 -0.281187 -0.239068
-0.141642 -0.498188 -0.301269
0.257836 -0.497568 0.072155
-0.265537 -0.512860 0.120436
-0.008938 -0.533779 0.203928
-0.316975 -0.442837 -0.241599
0.001800 -0.262707 -0.484499
0.203487 -0.351778 0.298594
0.259747 -0.443841 -0.264412
-0.228632 -0.562033 -0.000847
0.292141 -0.380668 0.213361
-0.214806 -0.467243 -0.302251
0.014132 -0.450519 0.316407
-0.341411 -0.305948 -0.325205
-0.382190 -0.449952 0.081535
-0.222974 -0.403277 -0.354361
0.343993 -0.406760 0.026320
-0.045837 -0.561565 -0.174967
-0.345637 -0.316012 0.282982
-0.151321 -0.386951 -0.394789
0.103198 -0.135597 -0.483816
-0.179259 -0.241724 -0.471445
-0.289601 -0.141154 -0.442589
-0.079779 -0.386231 -0.418182
-0.023921 -0.433728 -0.379593
-0.066370 -0.439669 0.332321
-0.342665 -0.376602 -0.277072
0.057166 -0.443682 -0.364752
0.117152 -0.334995 -0.442302
0.216661 -0.529190 -0.048616
-0.188300 -0.514949 -0.243345
0.033039 -0.554032 0.130236
-0.201695 -0.547227 0.058940
0.063570 -0.528239 0.196855
0.096367 -0.548601 -0.229057
-0.105123 -0.132307 -0.496927
-0.463133 -0.219144 -0.184769
0.013877 -0.576328 -0.136404
-0.168434 -0.515710 0.217031
0.340831 -0.176685 -0.328083
-0.050111 -0.574033 -0.078411
-0.458534 -0.290764 0.110067
0.136326 -0.458295 -0.328822
-0.218277 -0.046629 -0.462010
0.083862 -0.575880 -0.000646
-0.281277 -0.524976 0.039693
-0.085906 -0.525541 0.213841
-0.074692 -0.503546 -0.297239
0.245675 -0.181659 -0.418187
0.265074 -0.432241 0.170357