-0.993882 0.079111 0.077067
-0.699570 -0.383446 0.602968
-0.957095 -0.077934 0.279097
-0.356255 -0.503053 0.787413
-0.982288 0.092922 0.162713
-0.811010 0.391054 -0.435132
-0.508167 -0.044024 0.860133
-0.803346 0.062921 0.592179
-0.973591 -0.060054 -0.220260
-0.646189 0.326462 -0.689828
-0.924523 -0.015549 -0.380809
-0.656293 -0.208341 -0.725172
-0.965971 0.227178 -0.123657
-0.842396 -0.537575 -0.037170
-0.356843 -0.276996 0.892153
-0.848977 -0.305482 0.431182
-0.057596 -0.030971 0.997860
-0.225393 -0.147608 0.963021
-0.687068 -0.148992 0.711153
0.243769 -0.025309 0.969503
0.717561 -0.644141 0.264930
0.582257 -0.442635 0.681947
0.191554 -0.471264 0.860940
0.836054 -0.361998 0.412276
0.486035 -0.613970 0.621942
0.946104 -0.318262 0.059966
-0.921150 -0.340312 -0.188865
-0.771733 -0.499159 -0.394042
-0.528223 -0.664719 0.528327
-0.837214 -0.494968 0.232550
-0.545929 0.221278 -0.808083
-0.729251 -0.400179 -0.555022
-0.998239 0.050166 -0.031650
-0.546211 -0.520607 0.656218
-0.943858 0.092266 0.317206
-0.815157 0.139582 -0.562170
0.173236 -0.794180 0.582467
-0.681065 -0.610958 0.403584
-0.524159 -0.166903 0.835106
-0.119493 -0.789558 0.601930
-0.949533 0.004923 0.313629
-0.226983 -0.417493 0.879874
-0.839589 0.135628 0.526019
0.360081 -0.861084 0.358993
0.175644 -0.510577 0.841701
0.616523 -0.776162 0.132179
0.377157 -0.779058 0.500820
0.391791 -0.913354 -0.110832
0.862247 -0.487993 0.135622
-0.781170 0.302652 -0.546054
-0.912983 0.315567 -0.258612
0.447353 -0.057799 -0.892488
-0.823048 -0.527421 -0.210756
0.579393 -0.525192 -0.623280
-0.718301 -0.314324 -0.620680
-0.173653 -0.194163 -0.965477
-0.216607 0.308542 -0.926220
0.065576 -0.814060 0.577067
0.769437 -0.499342 0.398276
0.909795 -0.050607 -0.411960
0.858668 -0.315517 -0.403905
0.380882 -0.332719 -0.862686
0.325969 -0.106288 -0.939387
0.968715 -0.183544 -0.167041
-0.735704 0.000916 -0.677302
0.480965 -0.869545 0.112085
0.425242 -0.690568 -0.585052
-0.022124 -0.097211 -0.995018
0.968979 0.106702 -0.222920
-0.102172 -0.435530 -0.894357
0.462648 -0.260083 -0.847534
-0.965493 0.057567 -0.253986
0.073285 0.228063 -0.970885
0.383312 -0.406127 0.829537
-0.892746 -0.306327 -0.330407
0.765252 -0.619615 0.174545
0.809968 -0.286260 0.511867
-0.413781 -0.492209 -0.765843
-0.253291 -0.453142 -0.854697
0.678866 -0.013784 -0.734132
0.415521 -0.567702 -0.710674
0.576362 0.333499 -0.746046
-0.323586 0.007895 -0.946166
0.765512 -0.632883 -0.115976
0.179890 0.118587 -0.976513
0.504100 -0.747575 0.432452
0.805304 -0.322667 -0.497364
0.083062 -0.414394 -0.906299
0.509076 -0.634709 0.581366
0.105725 -0.081320 -0.991065
0.882343 -0.409142 0.232535
0.420729 0.282853 -0.861964
0.591277 -0.726144 -0.350865
0.939470 -0.256511 -0.227151
-0.689400 0.276595 -0.669495
0.609505 -0.111305 -0.784930
-0.188508 0.158033 -0.969273
-0.004594 -0.637223 -0.770665
0.347768 -0.603717 -0.717345
-0.118672 0.291637 -0.949139
-0.576655 -0.740659 -0.344808
-0.470089 -0.236290 -0.850402
0.588037 -0.761440 -0.272801
0.091036 -0.993623 -0.066529
-0.908923 0.104527 0.403649
0.808333 -0.522999 0.270314
0.008241 -0.936900 -0.349501
0.281450 -0.958402 -0.047441
-0.928527 -0.303675 -0.213587
-0.052897 -0.985446 0.161551
0.437564 -0.747831 0.499286
-0.338878 -0.882482 -0.326170
0.848969 -0.083506 -0.521804
-0.416752 0.457754 -0.785353
-0.176123 -0.975420 0.132426
0.444759 -0.798294 -0.406098
0.006371 -0.771921 -0.635687
-0.872946 -0.140591 -0.467119
0.169693 -0.976244 -0.134726
-0.828523 -0.490582 -0.269960
0.084594 -0.800056 -0.593931
0.665233 -0.621706 -0.413457
-0.561655 -0.386199 -0.731706
-0.520307 -0.595453 -0.612141
-0.977873 -0.080451 -0.193112
0.120175 0.080494 -0.989484
0.003393 0.130605 -0.991429
-0.984256 0.175701 0.019218
0.284628 -0.953659 -0.097574
-0.436021 -0.775469 0.456654
0.352297 -0.870800 0.342921
0.087835 -0.978267 0.187828
-0.747329 -0.640729 -0.175972
0.887673 -0.457122 -0.055454
-0.672471 -0.721333 -0.165715
0.485988 -0.495998 -0.719585
-0.311216 -0.911326 0.269498
-0.463780 -0.420930 0.779568
-0.636765 -0.770321 0.033687
-0.027687 -0.999187 0.029314
-0.077047 -0.696124 -0.713775
0.382005 -0.498749 0.778024
-0.990746 -0.135098 -0.013111
-0.782596 0.198818 -0.589927
-0.667478 -0.657372 -0.349764
0.845479 -0.491219 -0.209451
0.506590 -0.404788 -0.761258
-0.682418 -0.491807 0.540770
-0.271777 -0.629810 -0.727652
-0.434809 -0.428929 -0.791808
0.192367 -0.270054 -0.943433
-0.749033 0.061345 -0.659687
-0.905792 -0.385868 0.175062
-0.180891 -0.946238 0.268164
-0.528399 -0.810782 0.251846
0.949588 -0.305848 -0.068849
-0.507187 -0.861774 0.010360
-0.824473 -0.401888 0.398410
-0.249171 -0.579110 0.776238
-0.111241 -0.926186 -0.360285
-0.628459 -0.240776 -0.739639
0.630126 -0.225002 -0.743179
0.004985 -0.400936 0.916092
-0.831391 -0.161039 0.531842
-0.446136 -0.615104 0.650084
-0.127125 -0.991106 0.039343
0.192003 -0.615971 -0.764012
-0.182042 -0.325523 0.927845
-0.181703 -0.971894 -0.149686
-0.950815 0.038378 0.307372
-0.867026 -0.448073 -0.217938
-0.033751 -0.962588 0.268858
-0.683109 -0.100383 0.723384
-0.976526 0.123570 -0.176432
-0.798641 -0.052964 -0.599472
0.663894 -0.732809 0.149116
-0.053551 -0.880963 -0.470145
-0.422681 -0.670994 0.609186
0.518424 -0.271149 -0.810996
-0.143827 -0.971674 -0.187520
0.328473 -0.908372 -0.258777
0.298514 -0.685311 0.664257
-0.983802 0.092112 0.153785
-0.744450 -0.626241 -0.231551
-0.454393 -0.758626 -0.466920
0.355461 -0.926138 0.126159
-0.163253 -0.954832 -0.248284
-0.919968 0.174487 -0.351017
-0.143466 -0.977241 -0.156263
-0.545782 -0.714104 0.438380
0.310334 -0.777515 -0.546959
-0.257585 -0.069657 -0.963742
-0.381168 -0.079818 0.921054
-0.091477 -0.995697 -0.014790
-0.405366 -0.881008 -0.243932
-0.139683 -0.282463 -0.949054
-0.540447 -0.434272 -0.720642
0.193278 -0.176998 0.965047
0.277144 -0.916751 0.287677
-0.753112 -0.657015 0.033972
0.909800 -0.144129 -0.389218
-0.155743 -0.831001 -0.534024
0.574988 -0.789866 0.213309
-0.370530 -0.864134 0.340559
0.061035 -0.886482 0.458720
-0.575672 -0.658508 -0.484736
0.034337 -0.264558 -0.963758
0.561453 -0.495788 0.662544
0.444900 -0.712159 -0.543041
-0.230349 -0.960429 0.156575
0.638563 -0.496243 0.588201
-0.409755 -0.718577 -0.561914
0.134651 -0.681773 0.719065
-0.575095 -0.436874 -0.691670
-0.679397 -0.688056 0.254951
-0.428768 -0.506259 -0.748238
0.767563 -0.616374 0.175868
-0.124189 -0.958197 -0.257751
-0.663104 -0.370333 0.650497
-0.279775 -0.507764 -0.814802
0.274504 0.065714 -0.959338
-0.262137 -0.266614 -0.927470
-0.578442 -0.079209 -0.811869
-0.181171 -0.589239 -0.787385
-0.024646 -0.719160 -0.694407
-0.007612 -0.643117 0.765730
-0.600375 -0.500173 -0.624001
0.118561 -0.729964 -0.673124
0.337122 -0.435945 -0.834447
0.412181 -0.906184 0.094538
-0.283440 -0.860188 -0.423955
0.151922 -0.943223 0.295380
-0.205774 -0.953362 0.220813
0.249875 -0.873979 0.416801
0.127795 -0.910579 -0.393082
-0.169265 0.021801 -0.985329
-0.966074 -0.037220 -0.255568
0.005492 -0.986667 -0.162660
-0.305933 -0.858295 0.411989
0.826905 0.183673 -0.531500
-0.114907 -0.990148 -0.080023
-0.912207 -0.203726 0.355490
0.276188 -0.694738 -0.664123
-0.301965 0.269975 -0.914292
0.194800 -0.978765 0.063808
-0.421538 -0.883499 0.204290
-0.038157 -0.897255 0.439861
-0.055185 -0.843140 -0.534855
0.570672 -0.108937 -0.813921
0.557222 -0.673190 0.486127
