0.038836
0.038836
0.035158
0.038836
0.038836
0.038836
0.038836
0.038836
0.038836
0.038836
0.038836
0.038836
0.038836
0.038836
0.038836
0.038836
0.038836
0.038836
0.038836
0.038836
0.038836
0.038836
0.038836
0.038836
0.038836
0.038836
0.038836
0.038836
0.038836
0.038836
0.038836
0.038836
0.038836
0.038836
0.038836
0.038836
0.038836
0.038836
0.038836
0.038836
0.038836
0.038836
0.038836
0.038836
0.038836
0.038836
0.038836
0.038836
0.038836
0.038836
0.038836
0.038836
0.038836
0.038836
0.038451
0.038836
0.038836
0.038836
0.038836
0.038836
0.038836
0.038836
0.038836
0.038836
0.038836
0.038836
0.038836
0.038836
0.038836
0.038836
0.038836
0.038836
0.038836
0.038836
0.038836
0.038836
0.038836
0.038836
0.038836
0.038836
0.038836
0.038836
0.038836
0.038836
0.038836
0.038836
0.038836
0.038836
0.038836
0.038836
0.038836
0.038836
0.038836
0.038836
0.038836
0.038836
0.038836
0.038836
0.038836
0.038836
0.038836
0.038836
0.038836
0.038836
0.038836
0.038836
0.038836
0.038836
0.038836
0.038836
0.038836
0.038836
0.038836
0.038836
0.038836
0.038836
0.038836
0.038836
0.038836
0.038836
0.038836
0.038836
0.038836
0.038836
0.038836
0.038836
0.038836
0.038836
0.038836
0.038836
0.038836
0.038836
0.038836
0.038836
0.038836
0.036585
0.038836
0.038836
0.038836
0.038836
0.038836
0.038836
0.035864
0.038836
0.038836
0.038836
0.038836
0.038836
0.038836
0.038836
0.038836
0.038836
0.038836
0.038836
0.038836
0.038836
0.038836
0.038836
0.038836
0.038836
0.038836
0.038836
0.038836
0.038836
0.038836
0.038836
0.038836
0.038836
0.038836
0.038836
0.038836
0.038836
0.038836
0.038836
0.038836
0.038836
0.038836
0.038836
0.038836
0.038836
0.038836
0.038836
0.038836
0.038836
0.038836
0.038836
0.038836
0.038836
0.038836
0.038836
0.038836
0.038836
0.038836
0.038836
0.038836
0.038836
0.038836
0.038836
0.038836
0.038836
0.038836
0.038836
0.038836
0.038836
0.038836
0.038836
0.038836
0.038836
0.038836
0.038836
0.038451
0.038836
0.038836
0.038836
0.038836
0.038836
0.038836
0.038836
0.038836
0.038836
0.038836
0.038836
0.037694
0.038836
0.038836
0.038836
0.038836
0.038836
0.038836
0.038836
0.038836
0.038836
0.038836
0.038836
0.038836
0.038836
0.038836
0.038836
0.038836
0.038836
0.038836
0.038836
0.038836
0.037321
0.038836
0.038836
0.038836
0.038836
0.038836
0.038836