0.191550 -0.007098 0.099887 
0.369847 0.111967 0.321923 
-0.159182 -0.086533 0.266531 
-0.015642 0.170990 -0.262138 
-0.245410 0.154216 -0.221981 
0.199432 0.066516 -0.312441 
0.178122 -0.126245 0.309451 
-0.288695 0.297522 0.242479 
0.117678 0.354993 0.318211 
0.180213 0.329773 -0.300562 
0.367631 -0.066859 -0.033191 
-0.063995 0.428510 0.159736 
0.074330 0.196558 -0.353929 
0.275000 0.318212 -0.259920 
-0.289809 0.228804 -0.161020 
-0.309586 0.208687 0.251682 
0.247665 -0.154405 0.173864 
0.095051 0.182016 -0.107806 
-0.107845 0.474550 0.259532 
-0.135250 0.412029 -0.212623 
0.440113 0.215567 0.209414 
0.154700 0.553505 0.102080 
0.222177 0.392732 -0.112303 
0.092625 0.049529 0.458473 
-0.096334 0.091967 0.246471 
-0.215391 0.105248 0.368231 
-0.019532 0.071968 -0.279724 
-0.023766 0.121723 0.199738 
-0.064106 0.393869 0.045256 
0.437357 0.239283 -0.065278 
0.098912 -0.144251 0.269634 
0.418542 -0.011045 0.035577 
0.127241 0.010144 -0.297453 
-0.041897 0.480122 0.010855 
0.253508 0.040878 0.053834 
0.343686 0.442476 -0.009865 
0.370967 0.361929 0.218016 
0.434665 0.301472 0.071863 
-0.246875 0.157541 0.296336 
0.170599 0.077457 0.117973 
-0.013861 0.476161 0.101126 
-0.170210 0.411752 0.041255 
0.224359 0.387257 -0.251176 
0.215785 0.539440 0.027124 
0.321000 0.353154 0.298069 
0.423050 0.178147 -0.120974 
0.282758 0.213229 0.155863 
0.270644 -0.067311 -0.179042 
-0.257137 0.425651 -0.008171 
-0.302127 0.345025 0.159989 
-0.167152 0.093534 0.076309 
0.191657 0.006729 0.186174 
-0.333699 0.205876 -0.081747 
0.250023 0.248612 0.300315 
-0.081292 0.542098 0.123170 
0.335717 0.157357 -0.248043 
0.309860 0.439502 -0.100393 
0.317985 -0.026544 0.298239 
-0.340074 0.157554 0.159466 
0.277547 -0.017093 0.205289 
-0.329895 0.250044 0.170891 
-0.158272 0.130835 -0.291582 
0.073417 0.073515 -0.246563 
0.185612 0.524671 0.191448 
0.343193 0.437432 0.172546 
-0.018442 0.205561 -0.345866 
0.008729 0.064594 0.134269 
-0.194731 0.206847 -0.280188 
-0.075530 0.472693 -0.184667 
-0.221804 0.168805 -0.137022 
0.054503 0.177527 0.059346 
-0.350460 0.206891 0.086824 
0.047384 0.060890 0.213566 
0.185070 0.538528 -0.056488 
0.070112 0.471038 0.327706 
-0.105063 0.352432 -0.280685 
-0.297082 0.377593 0.068746 
0.426615 0.046248 0.188985 
0.229627 0.081596 0.415923 
-0.070409 -0.032505 0.386326 
0.147193 0.521043 -0.138017 
-0.241602 0.452644 0.074246 
0.055147 0.134288 0.146157 
0.379932 0.145772 0.039241 
0.137201 0.434061 -0.127464 
0.390902 0.035807 -0.145139 
0.095737 0.251500 -0.175397 
0.297699 0.365290 0.157173 
0.011472 0.108544 -0.197920 
0.298447 0.380740 0.057733 
0.299607 -0.099866 -0.088570 
0.286778 0.088776 -0.282675 
-0.036784 0.526478 -0.124402 
0.147027 0.298604 0.251275 
-0.035168 -0.041143 0.270948 
0.301889 0.328060 -0.096431 
-0.191962 0.182384 0.048345 
-0.038994 0.268239 -0.257344 
0.187694 0.459727 -0.202791 
0.068818 0.079759 0.300140 
-0.141455 0.471552 -0.130477 
0.353861 0.120158 0.233508 
0.286817 0.230089 0.066423 
-0.265735 0.381650 -0.087044 
0.398631 0.306693 -0.120183 
0.285035 -0.001140 -0.241498 
0.269392 0.424554 -0.184196 
-0.184448 0.495788 0.009213 
0.042052 0.424117 -0.271431 
-0.203698 0.459810 -0.070528 
0.163503 0.175755 -0.339030 
0.225254 -0.076501 0.147354 
0.347152 0.062416 -0.222580 
0.184153 0.366974 0.383778 
-0.285669 0.023465 0.228385 
0.250115 -0.077696 0.320684 
0.366521 0.240408 0.006020 
-0.097401 0.123779 0.028377 
0.132320 0.503652 0.266016 
-0.215549 0.095515 -0.089725 
0.269507 0.490317 0.191603 
0.312247 0.051642 0.351693 
0.133294 0.166488 0.116578 
-0.180882 0.063341 0.262878 
0.230910 0.487084 -0.123773 
0.341115 0.105102 -0.105403 
-0.228607 0.331114 0.307919 
0.399727 -0.023687 0.127444 
0.047439 0.525004 0.246283 
-0.175322 0.410584 0.291438 
0.124335 0.090235 -0.049705 
0.000712 0.429524 0.362917 
0.101288 0.482143 -0.211687 
-0.087295 0.431747 0.329782 
-0.065737 0.190639 0.363155 
0.433579 0.092754 -0.089820 
-0.232548 0.259054 -0.226967 
-0.127834 0.217017 0.418697 
0.374426 0.216565 0.094999 
0.298581 0.030002 -0.157766 
0.330617 -0.004267 0.023886 
-0.156480 0.328317 -0.146274 
0.071614 0.156811 -0.276517 
-0.055072 0.153893 0.448672 
0.224806 0.083413 0.322677 
0.145788 0.047908 -0.214107 
0.027678 0.121383 -0.102259 
0.021134 0.495688 -0.058415 
-0.324650 0.066733 0.153502 
-0.014385 0.346754 -0.109166 
-0.075231 -0.106616 0.305599 
-0.113887 0.437374 -0.026212 
0.337105 0.274289 0.325870 
0.174033 -0.059142 0.374010 
-0.250597 0.072232 -0.175952 
0.117187 0.455588 0.190854 
0.149136 0.216139 0.288158 
-0.110712 0.539509 0.033209 
-0.114395 0.350376 0.109536 
0.178171 -0.157664 0.226044 
0.006290 0.122727 0.377715 
0.206633 0.329405 0.183573 
0.453979 0.070130 0.009998 
-0.015023 0.044110 0.272170 
0.293337 0.055188 0.258793 
0.359621 0.440673 0.084658 
0.211833 0.002270 -0.176043 
0.083122 0.349718 -0.314296 
-0.101084 0.026648 0.311268 
0.376077 0.076380 -0.016488 
-0.071280 0.353101 0.297672 
-0.025045 0.177378 0.120651 
0.019536 0.470434 0.187826 
0.028517 0.258001 -0.100301 
-0.118246 0.519208 -0.060878 
-0.027121 0.347240 0.114612 
-0.205525 0.405697 -0.152375 
0.026494 0.345778 0.418062 
-0.152967 0.281833 -0.291805 
0.083852 0.078446 0.080230 
0.244577 0.308842 0.031985 
0.136275 -0.061693 0.203638 
-0.179508 0.116467 -0.010870 
0.304437 0.138310 0.096428 
0.212470 0.178019 0.344889 
0.242049 0.407353 0.323655 
-0.234944 -0.058775 0.219133 
-0.265392 0.243621 -0.030355 
0.036940 0.573276 -0.004892 
0.340909 0.046594 0.174553 
0.124595 0.212094 0.462305 
-0.305736 0.137079 -0.137123 
-0.255052 0.419553 0.151250 
0.149890 0.114516 0.368379 
0.103622 0.020524 0.154492 
0.267186 -0.043191 -0.019576 
0.306657 -0.123745 0.004525 
-0.169799 0.377194 -0.062651 
0.113325 0.097758 -0.337958 
0.240872 0.527614 0.112028 
0.115738 0.313485 -0.236278 
0.021903 0.119287 -0.345735 
0.077435 0.169753 0.322775 
-0.081071 0.277664 0.047249 
-0.151323 0.317681 0.271335 
-0.193928 0.027322 0.350270 
-0.100249 0.388676 -0.126465 
-0.070603 0.129879 -0.330597 
-0.344494 0.264269 0.003584 
-0.106087 0.055935 -0.291164 
-0.068821 0.340754 -0.201483 
0.339867 0.375147 -0.158110 
0.430763 0.122968 0.239976 
-0.131653 0.500483 0.179128 
-0.171727 0.156574 0.235156 
-0.066861 0.334092 0.198051 
-0.078276 0.095745 0.116625 
0.118823 0.315337 0.420721 
-0.111299 0.192087 0.086021 
0.135696 0.410035 -0.268639 
0.054315 -0.017728 0.318223 
0.091540 0.414480 -0.011062 
0.152517 0.115423 0.459242 
-0.181678 0.280222 0.370342 
0.345478 0.245646 -0.092000 
0.221556 0.168634 0.248936 
-0.311408 0.342027 -0.014335 
0.026703 0.338248 -0.235528 
-0.241611 0.285720 0.160195 
0.322179 0.019999 -0.065349 
-0.235243 0.094749 0.196720 
0.343417 0.306048 0.076086 
0.130831 0.217038 0.379714 
0.166815 0.021339 0.424228 
-0.015572 0.355287 -0.310032 
0.306410 0.236822 -0.257844 
0.104555 0.158843 -0.196878 
-0.225476 0.342396 0.004925 
0.258443 0.061047 0.140486 
0.270346 0.496728 -0.039262 
-0.008876 0.111865 0.056490 
0.203715 0.278902 -0.220732 
0.331862 -0.097787 0.155606 
-0.082382 0.177903 0.272390 
0.119857 0.402187 0.084911 
0.021932 0.191424 -0.171230 
-0.179620 0.259926 0.007964 
-0.357856 0.179648 0.002129 
0.016280 -0.121900 0.294206 
-0.049897 0.029462 0.195405 
-0.023000 0.404212 0.242534 
-0.294270 0.054792 -0.095519 
-0.048733 0.521819 0.211786 
0.147611 0.026737 0.337605 
-0.122896 0.396035 0.222044 
-0.022836 0.563120 0.059315 
0.132409 -0.052567 0.289403 
-0.143674 0.359388 0.357495 
-0.186863 0.070975 -0.238077 
-0.252243 0.082649 0.023208 
0.339028 0.295683 -0.194961 
0.259593 0.296621 0.121796 
0.258617 0.253131 -0.139748 
-0.251811 0.184808 0.194459 
0.276876 0.250215 -0.033609 
0.289278 0.135232 0.390138 
0.051832 0.243749 -0.260196 
-0.103073 0.204370 -0.295422 
-0.087121 0.113839 -0.226512 
0.054461 0.519839 -0.141995 
-0.208797 0.252057 0.242305 
-0.127718 0.268228 -0.210980 
0.458945 0.137593 0.158234 
0.394586 0.369397 0.126893 
0.156276 0.442281 0.334421 
0.464711 0.143859 0.068147 
0.044606 0.032500 -0.319276 
-0.003495 0.327867 0.026421 
0.330885 0.322883 -0.013138 
0.164878 0.130061 -0.259532 
0.222582 0.248066 -0.308585 
-0.037387 0.130860 -0.037196 
-0.259778 0.277420 0.055507 
0.000803 0.408362 -0.024111 
-0.136422 0.127381 0.417101 
-0.047960 0.446457 -0.090991 
0.360795 -0.083797 0.066121 
0.068177 0.321189 0.108369 
0.030725 0.180874 0.471204 
-0.310565 0.294052 -0.094039 
-0.014756 0.288149 0.363984 
0.139342 0.137517 0.037774 
-0.009524 0.403059 -0.172817 
0.002242 -0.075495 0.369432 
-0.037025 0.246504 0.446626 
0.291232 0.303713 0.227841 
0.068773 0.247106 0.245774 
-0.130710 0.038849 0.399708 
0.125916 0.564390 0.012082 
0.215743 0.030021 -0.030912 
0.071483 0.054702 0.379667 
0.112583 0.267930 -0.077765 
0.238476 0.188957 -0.220085 
0.160871 0.051186 0.031286 
0.173778 0.145652 -0.093863 
-0.167316 0.272006 0.092782 
0.213759 -0.078217 0.237330 
-0.135586 0.337303 0.018351 
-0.099028 0.165723 0.178446 
0.125761 0.267125 -0.333838 
0.214175 0.379595 0.102750 
-0.220976 -0.018305 0.288249 
0.099886 0.091280 -0.145665 
-0.267189 0.126687 0.107822 
0.382513 0.036726 0.270930 
0.065743 0.424565 0.258763 
-0.001253 0.217983 0.300258 
0.025097 0.360712 0.318240 
0.049312 0.335520 -0.051771 
0.389037 0.226710 -0.186366 
0.089872 0.400617 0.387166 
0.196628 0.226492 -0.067630 
0.287643 0.142082 0.295570 
-0.055462 0.369267 0.391143 
0.210507 0.127399 -0.019334 
-0.165172 0.228059 0.166740 
0.177291 0.285540 0.339784 
-0.254134 0.244048 0.320178 
0.250635 -0.019114 -0.101461 
0.011817 -0.002236 0.431648 
-0.315736 0.034454 -0.010088 
0.052880 0.268066 0.449874 
-0.138969 0.064710 0.167824 
-0.122387 0.130730 -0.074407 
0.288909 0.130244 0.190287 
0.428399 0.295553 0.166740 
0.200142 -0.023946 -0.259748 
-0.154968 0.181280 -0.209015 
0.300219 0.496706 0.048155 
0.091566 -0.035306 0.407914 
-0.058040 0.060260 0.435290 
-0.126639 0.204726 -0.124391 
-0.181640 0.146112 0.139439 
0.067175 0.568944 0.084645 
0.337468 0.193793 0.349655 
-0.197076 0.007402 0.189231 
-0.148610 0.126221 0.321412 
-0.091222 0.268743 0.325299 
0.425070 0.312953 -0.023302 
0.388654 0.282375 0.253009 
0.217781 0.000264 0.282429 
0.171847 0.299920 -0.135375 
-0.042848 0.201057 -0.095120 
-0.158651 0.216394 0.307634 
0.121903 0.192941 -0.020562 
-0.219979 0.301146 -0.076707 
0.362425 0.167149 -0.051160 
0.002470 0.279488 -0.179190 
-0.076151 0.261477 0.140799 
0.109845 0.483643 -0.054784 
-0.263515 0.070179 0.298895 
0.283575 -0.141418 0.092315 
0.009362 0.556080 0.151841 
0.176844 0.462530 0.122559 
-0.204440 0.189677 0.378996 
0.049746 -0.030936 0.231023 
0.053562 0.258837 0.003291 
0.136734 0.362343 -0.071743 
-0.121921 -0.012078 0.236736 
-0.036678 0.271257 -0.037097 
0.165155 0.312190 0.089016 
0.256953 -0.060766 0.062240 
-0.277649 0.177989 0.032764 
-0.048126 0.420067 -0.255047 
0.220116 0.317560 -0.060531 
0.454955 0.227150 0.025917 
0.217036 0.473481 0.266362 
0.129890 0.102738 0.192077 
-0.282447 -0.020495 0.150193 
0.037798 0.393437 0.160447 
0.079681 0.402040 -0.193702 
0.345384 0.280467 0.162657 
-0.163121 0.416229 0.139232 
0.088269 0.561220 -0.073394 
0.017902 0.091289 0.463169 
0.351726 0.058173 0.077809 
0.284903 0.118653 -0.178601 
0.413860 0.005182 -0.058615 
-0.345438 0.106944 0.062070 
-0.198232 0.251187 -0.145066 
0.083773 0.141609 0.416631 
-0.309806 0.018524 0.074380 
0.350321 -0.041409 -0.129707 
-0.140985 -0.046438 0.338883 
-0.108805 0.204284 -0.017088 
-0.008684 0.130145 0.289310 
-0.067953 0.281494 -0.332265 
-0.230159 0.047592 0.115081 
0.273477 0.445602 0.118407 
0.157032 0.398643 0.253512 
0.391370 0.125920 -0.180930 
-0.191096 0.199940 -0.058312 
0.218133 0.416317 0.192835 
-0.017806 0.483206 0.290996 
0.027952 0.211350 0.386213 
0.228795 0.446832 0.038031 
0.092979 0.335741 0.026558 
0.253211 0.083059 -0.096187 
0.074919 0.277803 0.335015 
0.129925 0.370364 0.167384 
0.268282 0.170965 -0.089784 
-0.130616 0.283089 -0.064178 
0.210772 0.177028 0.434612 
0.444837 0.056746 0.100081 
0.245425 -0.001465 0.373804 
0.376776 0.381805 -0.068221 
0.067822 0.340460 0.233586 
-0.072908 0.354382 -0.043170 
0.319894 0.193061 -0.160414 
-0.013388 0.296197 0.264133 
0.381353 0.120105 0.134897 
-0.335127 0.297334 0.090368 
0.192813 0.121829 -0.170657 
0.203160 0.214845 0.027915 
0.296508 -0.103027 0.239332 
0.175720 0.049933 -0.113165 
0.128115 0.028488 0.249234 
-0.042894 0.556310 -0.036681 
0.009992 0.482361 -0.205186 
0.216891 0.247530 0.210874 
0.295783 0.419165 0.247980 
0.225253 0.134437 0.069864 
-0.256853 0.324912 -0.164405 
-0.014534 0.030086 0.354487 
-0.254792 0.214528 0.113568 
-0.176210 0.503154 0.103691 
-0.102531 0.253896 0.231071 
0.113468 0.242305 0.070015 
0.395366 0.195782 0.284826 
-0.059384 0.127142 -0.141528 
0.060805 0.156803 0.234576 
0.030459 0.405968 0.066014 
0.457995 0.221943 0.119482 
0.211805 0.150462 0.158960 
0.272402 0.234976 0.392855 
0.368501 -0.035967 0.215314 
0.312903 0.215603 0.246076 
0.125240 0.277325 0.166570 
0.031584 0.190255 -0.040817 
0.050688 0.490583 0.028316 
0.197508 0.230809 0.117704 
0.090017 -0.104324 0.351043 
-0.154734 0.109778 -0.159760 
-0.312512 0.117376 0.236798 
-0.189591 0.342132 -0.229800 
-0.236099 0.371793 0.227036 
0.231422 0.070154 -0.227247 
0.224710 0.340075 0.274898 
0.029807 0.281430 -0.339980 
0.139396 0.194930 0.202430 
0.255005 0.335637 -0.173516 
0.453652 0.154266 -0.027593 
-0.265547 0.150323 -0.048870 
0.056409 0.112083 -0.005999 
0.059363 0.220804 0.150936 
-0.340473 0.110932 -0.042047 
0.368790 0.192883 0.180152 
0.143635 0.478295 0.035683 
0.179613 0.375512 0.012786 
-0.214597 0.350986 0.099434 
0.175674 0.211224 -0.158480 
0.014940 0.295572 0.177133 
-0.104107 0.460221 0.080875 
0.196705 0.270824 0.424964 
-0.064645 0.204758 -0.194441 
0.165767 0.369226 -0.185480 
-0.163045 0.322847 0.181084 
0.291332 0.171744 0.004579 
0.077155 0.334620 -0.142738 
-0.098774 0.299236 0.412559 
-0.030775 0.200304 0.027000 
0.214287 0.080046 0.225849 
-0.196793 0.453734 0.211614 
0.050455 0.422809 -0.105187 
0.005492 0.258673 0.087184 
-0.017843 0.214134 0.207822 
0.262715 0.322266 0.365586 
0.189446 0.445345 -0.046020 
0.147727 0.121403 0.278959 
-0.073190 0.101404 0.349232 
0.145627 0.220568 -0.256131 
0.079696 0.480812 0.113491 
0.268556 0.392187 -0.029437 
-0.073596 0.282699 -0.129872 
0.305161 -0.017693 0.118114 
0.098425 0.548376 0.176445 
0.293652 0.089012 -0.006384 
0.247587 0.161122 -0.305164 
0.156955 0.284794 -0.003352 
0.397233 0.378415 0.030570 
