0.112155 -0.053634 0.092795
0.383493 0.117118 0.335174
-0.116286 -0.090612 0.307795
0.002889 0.154331 -0.291305
-0.281705 0.182613 -0.214345
0.203726 0.113987 -0.345677
0.182087 -0.160303 0.293319
-0.292945 0.317676 0.26469
0.119423 0.380853 0.317664
0.168369 0.317212 -0.333829
0.38343 -0.10917 -0.016697
-0.066819 0.442668 0.150346
0.038182 0.187098 -0.380968
0.323664 0.329291 -0.257407
-0.317543 0.244819 -0.151705
-0.31636 0.226381 0.280822
0.274223 -0.163359 0.226853
0.02958 0.150673 -0.046297
-0.11149 0.499094 0.266413
-0.145414 0.429878 -0.221931
0.459649 0.220802 0.224753
0.156948 0.571729 0.077472
0.229733 0.381946 -0.139095
0.074887 0.086389 0.475859
-0.121902 0.080819 0.229846
-0.24967 0.113279 0.370076
0.015147 0.05742 -0.281138
-0.020173 0.105503 0.208885
-0.077906 0.384619 0.018423
0.461405 0.235349 -0.069422
0.062502 -0.123158 0.249078
0.426939 -0.038385 0.041675
0.204277 0.019828 -0.321483
-0.04821 0.482663 -0.005239
0.158344 0.044468 0.108224
0.351447 0.457794 -0.021778
0.384863 0.373985 0.219173
0.456823 0.308271 0.083643
-0.233824 0.179339 0.302463
0.068144 0.034371 0.077707
-0.015825 0.493742 0.086055
-0.18947 0.404361 0.037824
0.233341 0.368452 -0.282942
0.220388 0.554087 0.002827
0.333456 0.360515 0.301699
0.445703 0.168213 -0.131509
0.294802 0.206817 0.153943
0.332119 -0.048987 -0.19248
-0.279641 0.422382 -0.001829
-0.314483 0.357744 0.179405
-0.180311 0.028302 0.072646
0.184127 -0.021806 0.175892
-0.286404 0.173279 -0.105318
0.252639 0.262999 0.302414
-0.085959 0.559721 0.112268
0.350239 0.135228 -0.26498
0.323602 0.439114 -0.124872
0.3292 -0.029579 0.319423
-0.351588 0.167001 0.212511
0.278724 -0.047322 0.181812
-0.342835 0.264228 0.195363
-0.232798 0.106912 -0.250146
0.114381 0.020243 -0.26517
0.193485 0.547255 0.176989
0.358922 0.453679 0.16715
-0.050707 0.198635 -0.373507
-0.085975 -0.008317 0.070861
-0.216041 0.196334 -0.284776
-0.080554 0.498107 -0.194269
-0.210761 0.11238 -0.154933
0.04823 0.144056 0.053066
-0.368386 0.211341 0.121165
0.090014 0.003927 0.174695
0.190199 0.545422 -0.0891
0.073089 0.501427 0.326915
-0.118844 0.362011 -0.294031
-0.312513 0.390223 0.083929
0.442209 0.046856 0.200076
0.232703 0.041373 0.423252
-0.045101 -0.031452 0.428818
0.154315 0.520316 -0.174573
-0.253403 0.465695 0.082308
0.054404 0.10052 0.145755
0.386958 0.129986 0.028199
0.145475 0.426729 -0.154229
0.412108 0.099943 -0.187864
0.107763 0.206386 -0.190375
0.305564 0.37336 0.159461
0.047686 0.02373 -0.19402
0.316746 0.381753 0.050687
0.375638 -0.080619 -0.106647
0.28305 0.076839 -0.30051
-0.009105 0.546654 -0.145218
0.152586 0.314693 0.244029
-0.035386 -0.035619 0.323943
0.311712 0.330122 -0.118791
-0.204206 0.128846 0.042786
-0.070494 0.280139 -0.251098
0.201549 0.447297 -0.234732
0.058251 0.06252 0.261822
-0.163086 0.482965 -0.144098
0.368051 0.108836 0.233072
0.300333 0.216965 0.055863
-0.293628 0.368351 -0.078057
0.425668 0.32117 -0.10119
0.281175 -0.013155 -0.269112
0.291135 0.408855 -0.210791
-0.206211 0.500694 0.007323
0.037104 0.425716 -0.298623
-0.228808 0.457557 -0.075487
0.190492 0.219161 -0.34926
0.222898 -0.025531 0.078444
0.352879 0.042132 -0.233092
0.184822 0.391385 0.395184
-0.332902 0.072326 0.229244
0.261831 -0.111912 0.312276
0.383624 0.223053 -0.00448
-0.113433 0.094862 0.050023
0.1379 0.530946 0.256953
-0.146492 0.079487 -0.081347
0.283055 0.511292 0.181751
0.318138 0.053759 0.370721
0.135582 0.145474 0.094299
-0.191055 0.018471 0.245972
0.243004 0.484638 -0.155036
0.337397 0.076313 -0.129921
-0.226938 0.350983 0.327357
0.420954 -0.036227 0.135281
0.047068 0.553075 0.237749
-0.175842 0.429507 0.306498
0.038379 0.05946 -0.019398
0.001588 0.456094 0.37275
0.107895 0.47789 -0.247152
-0.088831 0.453815 0.343577
-0.051814 0.201795 0.376738
0.44302 0.074884 -0.093545
-0.249686 0.270677 -0.231595
-0.130561 0.212476 0.437635
0.389924 0.205113 0.093509
0.272013 0.027668 -0.179943
0.335137 -0.035537 -0.004287
-0.170285 0.311434 -0.142456
0.098292 0.112918 -0.282258
-0.077554 0.133302 0.461403
0.230825 0.054057 0.318007
0.127507 -0.009422 -0.160382
0.043369 -0.010066 -0.094983
0.018998 0.482588 -0.078126
-0.372047 0.116887 0.138136
-0.017103 0.326427 -0.151862
-0.064176 -0.113588 0.379338
-0.134708 0.437482 -0.035799
0.342755 0.273142 0.341085
0.185955 -0.097512 0.366187
-0.261368 0.071454 -0.089357
0.125147 0.473754 0.179044
0.159315 0.222709 0.279296
-0.121084 0.553243 0.021421
-0.121963 0.361653 0.101592
0.1187 -0.098536 0.178918
0.011423 0.134885 0.412339
0.211506 0.333371 0.168204
0.45768 0.055095 0.006205
-0.038256 0.057042 0.287512
0.305416 0.027295 0.246815
0.373398 0.460185 0.073029
0.222525 -0.038301 -0.132321
0.068892 0.347541 -0.345166
-0.11998 0.015343 0.316244
0.359786 0.054795 -0.036041
-0.06548 0.372838 0.305092
-0.02851 0.152519 0.11777
0.02396 0.489647 0.175541
0.022954 0.208431 -0.124789
-0.149608 0.528891 -0.065587
-0.032785 0.344741 0.098698
-0.222055 0.406171 -0.156515
0.030588 0.377472 0.430736
-0.172048 0.282021 -0.300002
0.007761 -0.044171 0.071896
0.257404 0.306 0.021496
0.031498 -0.028081 0.245509
-0.119199 0.015415 -0.015144
0.303839 0.12285 0.0866
0.227532 0.175481 0.338228
0.248606 0.421749 0.326328
-0.284366 -0.009782 0.239528
-0.282948 0.220261 -0.008266
0.029662 0.581244 -0.045134
0.3517 0.030646 0.162169
0.117395 0.248738 0.47002
-0.303425 0.102727 -0.178991
-0.268017 0.437032 0.167449
0.1742 0.106599 0.375732
0.028231 -0.081471 0.159294
0.275412 -0.104375 0.040314
0.285806 -0.137279 0.133382
-0.19663 0.364866 -0.065426
0.122467 0.154505 -0.371842
0.248882 0.549043 0.097674
0.088889 0.303131 -0.263897
0.033563 0.091844 -0.371342
0.091907 0.174502 0.328125
-0.086665 0.261729 0.031651
-0.145288 0.334165 0.279564
-0.21066 -0.047578 0.314722
-0.117955 0.396952 -0.123278
-0.064172 0.107949 -0.356712
-0.369041 0.245768 0.028288
-0.159007 0.114217 -0.316072
-0.09762 0.348891 -0.198959
0.374488 0.359952 -0.176416
0.447058 0.129413 0.25866
-0.13838 0.519262 0.179277
-0.166715 0.167447 0.240024
-0.059987 0.346788 0.194932
-0.002307 0.018238 0.153113
0.106283 0.327669 0.411414
-0.124646 0.18555 0.084759
0.136634 0.400864 -0.297622
0.063933 -0.025038 0.336039
0.082227 0.408849 -0.02902
0.17387 0.108702 0.46959
-0.176411 0.286282 0.391117
0.363105 0.242072 -0.097438
0.225152 0.157977 0.238802
-0.33822 0.335897 0.009255
-0.001093 0.344621 -0.244752
-0.248775 0.283836 0.174082
0.315185 -0.017651 -0.099321
-0.236509 0.098287 0.234273
0.364604 0.298757 0.058377
0.154351 0.234992 0.375618
0.142219 0.021072 0.446098
-0.029085 0.358348 -0.33356
0.341086 0.233466 -0.27767
0.118711 0.093479 -0.186012
-0.24592 0.322111 0.014023
0.261487 0.041674 0.130817
0.279376 0.506653 -0.064659
-0.019247 0.066137 0.062957
0.175549 0.260457 -0.251904
0.366072 -0.108722 0.16884
-0.073946 0.159784 0.27772
0.11679 0.406327 0.06461
0.036514 0.137799 -0.202198
-0.192244 0.227287 0.016904
-0.366131 0.183641 -0.051764
0.003488 -0.125449 0.316707
-0.066824 -0.060205 0.147548
-0.022471 0.428115 0.23995
-0.211919 0.049523 -0.01543
-0.049506 0.544797 0.205765
0.16037 0.001254 0.353282
-0.122942 0.413383 0.224757
-0.027472 0.579816 0.034338
0.135874 -0.073149 0.281004
-0.141282 0.370398 0.376592
-0.122229 0.077452 -0.172917
-0.27529 0.05184 0.062187
0.340498 0.266994 -0.190101
0.27714 0.29589 0.113048
0.267777 0.235411 -0.133577
-0.259842 0.192256 0.203951
0.285507 0.226141 -0.038209
0.266863 0.130366 0.41801
0.006498 0.254351 -0.301001
-0.14213 0.200094 -0.345187
-0.081128 0.089994 -0.264536
0.062649 0.480415 -0.162366
-0.203838 0.263755 0.262487
-0.149738 0.249024 -0.214047
0.47167 0.136209 0.167259
0.406908 0.380892 0.121624
0.164471 0.470809 0.332862
0.476537 0.137794 0.070068
0.12313 0.057367 -0.359714
-0.008362 0.318537 0.007428
0.344905 0.31546 -0.030365
0.180091 0.165621 -0.264286
0.258594 0.276659 -0.309551
-0.056762 0.024989 -0.102469
-0.27848 0.262792 0.082428
-0.02295 0.396439 -0.062238
-0.166056 0.119288 0.42012
-0.072334 0.477999 -0.102137
0.373153 -0.125469 0.075157
0.063582 0.325959 0.086544
0.047769 0.182333 0.488847
-0.340709 0.279017 -0.067372
-0.004193 0.303969 0.370213
0.121552 0.084035 0.017011
-0.02401 0.421352 -0.169428
0.026643 -0.093767 0.402832
-0.035953 0.218337 0.470367
0.310652 0.293024 0.223216
0.073599 0.249547 0.235248
-0.196307 0.029625 0.381243
0.124837 0.57592 -0.021837
0.18281 0.014094 -0.004689
0.084864 0.07133 0.365935
0.107114 0.247229 -0.083376
0.260937 0.212629 -0.226908
0.082767 -0.026788 -0.000415
0.112114 0.148991 -0.10644
-0.174365 0.280953 0.091197
0.203446 -0.113639 0.212004
-0.149993 0.322126 0.003317
-0.097884 0.1636 0.177091
0.102486 0.257957 -0.368414
0.223208 0.385305 0.086928
-0.140974 -0.057944 0.23006
0.120487 0.051133 -0.079145
-0.277143 0.109371 0.147621
0.394264 0.038065 0.291919
0.071068 0.447958 0.25336
0.003446 0.222258 0.302022
0.028255 0.382598 0.322672
0.028435 0.303906 -0.077155
0.429032 0.261802 -0.166404
0.096035 0.431672 0.393443
0.195621 0.204022 -0.075379
0.294344 0.115228 0.296598
-0.055964 0.384442 0.40639
0.191852 0.112599 -0.046768
-0.165378 0.230908 0.173807
0.184321 0.31597 0.334641
-0.258422 0.263794 0.344599
0.245957 -0.060765 -0.041093
0.04897 -0.004549 0.443626
-0.361743 0.074201 -0.01866
0.024832 0.290086 0.466701
-0.085128 0.068127 0.139143
-0.051202 0.134159 -0.10762
0.296871 0.116731 0.186982
0.448313 0.306994 0.180444
0.196163 -0.018056 -0.225065
-0.15325 0.154647 -0.223279
0.308444 0.52041 0.032446
0.116096 -0.066076 0.412402
-0.109136 0.039774 0.429366
-0.132717 0.173424 -0.127433
-0.177587 0.10551 0.144965
0.065524 0.588219 0.057027
0.329523 0.182095 0.36966
-0.148254 -0.00507 0.154482
-0.170048 0.100694 0.314609
-0.09005 0.281588 0.337647
0.448036 0.309885 -0.011506
0.400585 0.290163 0.263877
0.228752 -0.033155 0.271593
0.176145 0.269259 -0.152112
0.033434 0.085947 -0.117575
-0.143896 0.201118 0.334159
0.121422 0.176308 -0.010277
-0.241657 0.273527 -0.075844
0.370455 0.148729 -0.069636
0.013637 0.241672 -0.211519
-0.079501 0.262932 0.137934
0.114365 0.483184 -0.078175
-0.267248 0.04043 0.313928
0.197013 -0.107094 0.114483
0.0088 0.579192 0.134582
0.183465 0.475619 0.101562
-0.218103 0.197664 0.398012
-0.041711 -0.093239 0.237538
0.040207 0.23463 -0.005962
0.14048 0.346135 -0.093058
-0.067225 0.001583 0.22285
-0.046639 0.228158 -0.05667
0.164936 0.316442 0.076286
0.170971 -0.080125 0.018815
-0.298613 0.161285 0.072656
-0.057526 0.430512 -0.267093
0.229065 0.305666 -0.073779
0.475378 0.22564 0.031112
0.227847 0.49534 0.260091
0.136774 0.093355 0.190136
-0.336374 0.023219 0.152485
0.032796 0.402733 0.145967
0.071141 0.393126 -0.213488
0.367421 0.285856 0.150308
-0.172804 0.431576 0.141304
0.087338 0.563704 -0.11795
-0.019245 0.060551 0.468994
0.370148 0.040677 0.064795
0.273321 0.118027 -0.207154
0.425467 -0.017809 -0.054341
-0.382397 0.14986 0.039025
-0.214126 0.218302 -0.151516
0.110454 0.159017 0.421491
-0.367145 0.057264 0.069818
0.401626 0.006031 -0.149769
-0.136042 -0.046743 0.388482
-0.120561 0.16357 -0.022757
0.010141 0.128962 0.318493
-0.087086 0.282419 -0.347496
-0.240162 0.017529 0.155444
0.28417 0.457398 0.105059
0.16656 0.415652 0.248491
0.407355 0.193518 -0.220864
-0.207252 0.160432 -0.05896
0.225509 0.43197 0.18017
-0.018328 0.510029 0.293915
0.047414 0.22875 0.395892
0.243162 0.453402 0.017239
0.09433 0.319334 -0.003357
0.257133 0.043823 -0.065676
0.082999 0.288404 0.32088
0.130506 0.381198 0.156554
0.268502 0.139479 -0.104357
-0.147093 0.249617 -0.067977
0.20113 0.19702 0.452158
0.460146 0.047938 0.104178
0.254239 -0.032714 0.374524
0.389297 0.395042 -0.074562
0.064947 0.355266 0.229968
-0.08283 0.3222 -0.070378
0.340336 0.17114 -0.163646
-0.01086 0.304791 0.265242
0.387948 0.115386 0.132016
-0.355204 0.307771 0.106514
0.197367 0.067367 -0.13918
0.213087 0.183682 0.027559
0.328808 -0.094387 0.252843
0.144087 -0.047294 -0.073004
0.139941 0.017832 0.26127
-0.060857 0.564804 -0.06147
0.009314 0.49355 -0.233831
0.224117 0.249553 0.206528
0.308356 0.438061 0.247803
0.215083 0.092269 0.049818
-0.27226 0.326643 -0.15915
-0.00879 0.04238 0.375013
-0.221377 0.191804 0.114028
-0.181476 0.524651 0.09824
-0.098185 0.253149 0.24297
0.106996 0.236127 0.066608
0.402915 0.203741 0.302924
-0.032893 0.064012 -0.188542
0.064805 0.154713 0.235092
0.016897 0.411886 0.0425
0.475089 0.224687 0.129854
0.217605 0.136269 0.139198
0.268088 0.244238 0.40436
0.390911 -0.031928 0.229038
0.313707 0.201306 0.261481
0.12229 0.281383 0.157099
-0.053207 0.086961 -0.027679
0.051851 0.501829 0.00778
0.202271 0.232038 0.108759
0.096361 -0.143533 0.34716
-0.055372 0.167495 -0.196144
-0.311594 0.130968 0.29725
-0.198818 0.350133 -0.233534
-0.224508 0.375493 0.228337
0.196396 0.076121 -0.243263
0.244986 0.355192 0.25658
0.007697 0.281073 -0.380492
0.146026 0.190404 0.186237
0.2508 0.309908 -0.201202
0.468619 0.147064 -0.031036
-0.286765 0.123233 -0.013266
-0.02376 -0.01493 -0.014955
0.059266 0.1998 0.143355
-0.351773 0.103042 -0.102487
0.381497 0.197031 0.192873
0.149575 0.483146 0.01112
0.182483 0.373735 -0.006474
-0.23012 0.356711 0.114627
0.193655 0.165049 -0.166808
0.01938 0.295162 0.166759
-0.11348 0.464062 0.066412
0.196811 0.300863 0.434879
-0.083134 0.192962 -0.280342
0.161845 0.351167 -0.211741
-0.155611 0.325489 0.182974
0.291403 0.128885 -0.010043
0.080562 0.302312 -0.165675
-0.081698 0.298148 0.436637
-0.040044 0.170363 0.025138
0.220597 0.060132 0.218779
-0.203831 0.471957 0.226213
0.057148 0.391538 -0.118266
-0.000288 0.24435 0.081669
-0.01709 0.211066 0.204591
0.271079 0.338311 0.373481
0.199712 0.444297 -0.071542
0.150465 0.113766 0.283985
-0.084037 0.108881 0.362874
0.090971 0.207178 -0.286579
0.083075 0.493934 0.095588
0.280529 0.389998 -0.045765
-0.07607 0.252705 -0.148406
0.324846 -0.040833 0.096577
0.101675 0.571622 0.159376
0.281602 0.032094 0.028546
0.273604 0.174477 -0.317596
0.172382 0.265718 -0.005744
0.413593 0.387899 0.022206
