0.071313 0.421211 0.521829
0.047046 -0.136528 0.499873
0.064343 0.483767 -0.385709
0.05484 -0.021947 -0.391938
0.354573 0.60889 0.078453
-0.202795 0.631203 0.084634
0.32299 -0.216815 0.038914
-0.176167 -0.083829 0.074185
0.521473 0.133752 0.334849
-0.399087 0.180928 0.34591
0.5152 0.176985 -0.235581
-0.400122 0.215687 -0.219016
0.316152 -0.026994 0.467584
0.060167 0.139395 0.586075
0.326352 0.2933 0.481844
0.211422 -0.265567 0.300272
0.47498 -0.117044 0.196049
-0.106717 -0.19817 0.307563
0.072873 -0.151873 0.070397
-0.214809 -0.001041 0.484118
-0.394421 -0.076045 0.221477
-0.196606 0.320533 0.493027
0.07836 0.689975 0.085571
-0.089545 0.617488 -0.18121
0.232017 0.601423 -0.183556
0.490283 0.425779 -0.0974
0.325178 0.353804 -0.366469
0.318355 0.034745 -0.392138
0.052838 0.213343 -0.483703
-0.225248 0.0554 -0.396368
-0.203614 0.377155 -0.362388
-0.355297 0.461396 -0.084593
0.237469 0.569066 0.339611
0.492219 0.40241 0.226639
0.581353 0.151973 0.049392
0.482386 -0.091228 -0.131944
0.216287 -0.128299 -0.195815
-0.077571 -0.059994 -0.16887
-0.367269 -0.006006 -0.10068
-0.477249 0.20104 0.064231
-0.35715 0.443802 0.238545
-0.08579 0.583179 0.343979
0.179406 -0.092404 0.498233
0.053062 -0.010217 0.553709
0.199916 0.053525 0.555682
0.204462 0.213698 0.55867
0.066159 0.292227 0.56869
0.197303 0.367725 0.519918
0.331166 0.131059 0.501973
0.435025 0.052858 0.408163
0.435691 0.209973 0.411172
0.125762 -0.217015 0.419936
0.28063 -0.170534 0.399571
0.412903 -0.091465 0.348745
0.512699 0.009415 0.275925
0.361726 -0.213929 0.263965
0.279151 -0.250044 0.16389
0.415236 -0.245209 0.098578
-0.04 -0.212636 0.428537
0.050603 -0.235855 0.312271
0.137806 -0.207834 0.190066
0.202094 -0.198349 0.052994
-0.009564 -0.187772 0.191495
-0.153789 -0.151384 0.180538
-0.064442 -0.13861 0.067503
-0.082944 -0.083851 0.512257
-0.191718 -0.146756 0.415502
-0.255601 -0.138255 0.281005
-0.281716 -0.085131 0.140512
-0.315677 -0.05029 0.365457
-0.331816 0.091759 0.430127
-0.414746 0.056587 0.295701
-0.085879 0.06942 0.556554
-0.213688 0.159739 0.512826
-0.319334 0.250401 0.432817
-0.079383 0.228745 0.566187
-0.058653 0.380018 0.522543
-0.072712 0.670398 0.085378
-0.156207 0.639366 -0.04461
-0.004241 0.681435 -0.05718
0.072561 0.639917 -0.19187
-0.012522 0.566201 -0.305153
0.14856 0.556681 -0.30443
0.15551 0.671887 -0.058471
0.228298 0.659246 0.082491
0.303614 0.617422 -0.048545
0.430115 0.533531 -0.005865
0.376039 0.527964 -0.155593
0.29361 0.491436 -0.286759
0.191009 0.428804 -0.389144
0.428481 0.410122 -0.250891
0.525107 0.301755 -0.180463
0.440901 0.264665 -0.312923
0.436183 0.107245 -0.322938
0.329766 0.196497 -0.405558
0.197294 0.282451 -0.44296
0.058401 0.363074 -0.451661
0.192955 0.125497 -0.456087
0.184857 -0.034269 -0.433317
0.048462 0.05864 -0.472863
-0.07701 0.013063 -0.405616
-0.093557 0.140804 -0.460028
-0.088111 0.298755 -0.454213
-0.067142 0.442981 -0.391249
-0.225087 0.222277 -0.407223
-0.329079 0.141974 -0.310493
-0.322997 0.297478 -0.301932
-0.392683 0.336609 -0.161628
-0.291948 0.435728 -0.234978
-0.16271 0.515914 -0.285305
-0.239929 0.558984 -0.150021
-0.2899 0.567247 0.00213
0.153785 0.504467 0.451066
0.297573 0.442781 0.424095
0.380483 0.498289 0.29916
0.310479 0.609148 0.208909
0.435842 0.52667 0.152844
0.422527 0.36059 0.367907
0.5269 0.26645 0.292635
0.512286 0.419255 0.06583
0.558167 0.297165 -0.022478
0.557499 0.165074 -0.103835
0.564877 0.28691 0.138797
0.570568 0.140939 0.204825
0.555005 0.005523 0.121709
0.550166 0.020178 -0.039508
0.509978 0.046534 -0.193149
0.501903 -0.116068 0.032589
0.419471 -0.213807 -0.054402
0.413455 -0.041888 -0.27705
0.284462 -0.101859 -0.328925
0.135432 -0.081945 -0.306324
0.365051 -0.15447 -0.196785
0.281929 -0.164924 -0.072335
0.137849 -0.15604 -0.067849
0.067967 -0.100857 -0.181727
-0.013119 -0.04737 -0.2887
0.002457 -0.113607 -0.055613
-0.138066 -0.087297 -0.046296
-0.270734 -0.045193 -0.004124
-0.220252 -0.015367 -0.14089
-0.15473 0.005796 -0.275556
-0.304648 0.020761 -0.252296
-0.421213 0.084913 -0.184841
-0.402579 -0.041873 0.057737
-0.468185 0.064691 -0.025299
-0.459653 0.209766 -0.092226
-0.462425 0.055391 0.140041
-0.45638 0.191251 0.219304
-0.396 0.310544 0.30414
-0.445991 0.33586 0.153105
-0.443385 0.344006 -0.009401
-0.386802 0.465607 0.077851
-0.287679 0.5551 0.161363
-0.29545 0.401652 0.387026
-0.237782 0.530398 0.310803
-0.154076 0.622102 0.21242
-0.156383 0.467282 0.433383
-0.006169 0.515975 0.458157
0.077369 0.604652 0.354075
-0.000567 0.655686 0.224826
0.157218 0.648428 0.2227
0.110309 -0.118959 0.504297
0.049799 -0.077543 0.526516
0.119747 -0.04954 0.530993
0.126056 0.021814 0.55694
0.056499 0.062078 0.577401
0.130776 0.097374 0.57301
0.191904 -0.021642 0.530916
0.248475 -0.061091 0.485158
0.26241 0.01132 0.519261
0.133274 0.175512 0.574635
0.063429 0.218065 0.586549
0.136335 0.253675 0.573253
0.134994 0.326213 0.547626
0.068247 0.360209 0.543558
0.129831 0.393874 0.516096
0.203171 0.291912 0.543763
0.267539 0.253067 0.522853
0.26521 0.333464 0.509018
0.324364 0.050716 0.488634
0.266471 0.091707 0.530324
0.204345 0.133808 0.566004
0.269465 0.172465 0.533888
0.328187 0.21234 0.493549
0.381111 0.010412 0.443686
0.383336 0.090597 0.455739
0.386718 0.171405 0.460867
0.38185 0.251148 0.44638
0.440457 0.131247 0.422731
0.483475 0.09456 0.371702
0.482702 0.170011 0.372855
0.082908 -0.174883 0.461287
0.158254 -0.15794 0.460073
0.232778 -0.134454 0.454833
0.303202 -0.102411 0.438578
0.204928 -0.195921 0.410839
0.170591 -0.246759 0.364636
0.248912 -0.228895 0.351512
0.368272 -0.063695 0.414076
0.425889 -0.020627 0.381538
0.481463 0.023141 0.349082
0.522566 0.073208 0.309574
0.466284 -0.043329 0.313315
0.449516 -0.109482 0.275662
0.497897 -0.055288 0.238088
0.290801 -0.250631 0.287516
0.323974 -0.197161 0.335003
0.349027 -0.13265 0.376573
0.392096 -0.157327 0.309676
0.425297 -0.170329 0.233412
0.24727 -0.266856 0.23138
0.323864 -0.267552 0.217411
0.390941 -0.220063 0.186345
0.44916 -0.177667 0.151475
0.351592 -0.263245 0.143291
0.303678 -0.238926 0.097094
0.368674 -0.235211 0.068896
0.005596 -0.177181 0.46855
0.042552 -0.22493 0.4239
0.090237 -0.262695 0.37098
0.130507 -0.253208 0.308318
0.00338 -0.237912 0.372166
-0.078752 -0.219328 0.371357
-0.030023 -0.225345 0.310967
0.169722 -0.25228 0.240981
0.206712 -0.235881 0.177903
0.235868 -0.229278 0.109914
0.264959 -0.213876 0.044237
0.169467 -0.211593 0.120447
0.10145 -0.19313 0.126178
0.136338 -0.181545 0.0606
-0.057708 -0.199416 0.249707
0.016436 -0.223137 0.249502
0.09531 -0.227816 0.250248
0.061818 -0.211298 0.18774
0.031047 -0.185728 0.126194
-0.132239 -0.176393 0.243464
-0.084065 -0.175785 0.186489
-0.037795 -0.166174 0.128181
0.00266 -0.153316 0.066896
-0.109057 -0.157926 0.122988
-0.16442 -0.113165 0.126158
-0.125649 -0.116246 0.069371
-0.014323 -0.112464 0.505601
-0.068461 -0.154421 0.476279
-0.119361 -0.186108 0.429265
-0.155499 -0.186456 0.36508
-0.139967 -0.119006 0.469702
-0.14914 -0.04362 0.499688
-0.209449 -0.078473 0.456894
-0.184267 -0.172971 0.297953
-0.203928 -0.146198 0.23203
-0.216084 -0.110039 0.170164
-0.22552 -0.08017 0.107187
-0.271067 -0.111497 0.210567
-0.326179 -0.107171 0.253829
-0.339051 -0.086645 0.17747
-0.270304 -0.030672 0.431496
-0.25815 -0.102469 0.395937
-0.239727 -0.169021 0.352856
-0.306058 -0.122531 0.331397
-0.358659 -0.063202 0.296698
-0.274667 0.045684 0.458246
-0.32666 0.018489 0.401638
-0.369001 0.001645 0.332471
-0.40503 -0.008282 0.258157
-0.37356 0.068993 0.364663
-0.370816 0.139053 0.388049
-0.41354 0.121558 0.326098
-0.017605 -0.04403 0.536701
-0.08545 -0.007212 0.535261
-0.15362 0.033321 0.526673
-0.017264 0.026665 0.567441
-0.013804 0.104906 0.573668
-0.217023 0.078008 0.505456
-0.274844 0.124846 0.476222
-0.321853 0.170883 0.435559
-0.362313 0.213842 0.387304
-0.27386 0.206843 0.484094
-0.20798 0.241165 0.509881
-0.260463 0.285653 0.465028
-0.010803 0.183223 0.580775
-0.083496 0.148801 0.567332
-0.15213 0.113532 0.539558
-0.148281 0.194504 0.543486
-0.13975 0.274316 0.531267
-0.006024 0.260319 0.570968
-0.07052 0.305762 0.54738
-0.129673 0.353485 0.514906
-0.001104 0.336195 0.558016
0.008664 0.405855 0.531016
-0.142084 0.652369 0.08503
-0.183623 0.640583 0.023181
-0.112594 0.663616 0.017037
-0.082715 0.668481 -0.053365
-0.126082 0.635327 -0.114425
-0.047279 0.655561 -0.122471
-0.039289 0.683973 0.014334
0.001439 0.682521 0.085553
0.038192 0.687086 0.013398
-0.010355 0.640158 -0.190892
-0.0517 0.594259 -0.244913
0.029229 0.603159 -0.247773
0.068176 0.565734 -0.30182
0.028031 0.523353 -0.348551
0.103944 0.519115 -0.348473
0.111306 0.598158 -0.247645
0.154419 0.628169 -0.190138
0.192425 0.585263 -0.248903
0.115785 0.682171 0.012827
0.076041 0.680082 -0.058245
0.033766 0.662614 -0.125546
0.115829 0.664431 -0.127891
0.195328 0.645724 -0.125142
0.154894 0.67931 0.084207
0.191742 0.667002 0.012688
0.231306 0.648377 -0.05547
0.270826 0.61474 -0.117449
0.266343 0.650524 0.013265
0.29867 0.641542 0.080628
0.335565 0.621838 0.017173
0.396523 0.580194 0.038025
0.372523 0.580812 -0.033743
0.344024 0.580203 -0.105364
0.3074 0.569549 -0.173614
0.40608 0.532479 -0.081912
0.459721 0.480146 -0.051108
0.436299 0.478695 -0.129204
0.266574 0.551844 -0.238577
0.223506 0.529137 -0.299333
0.174941 0.494102 -0.346731
0.124383 0.45917 -0.389766
0.244976 0.462567 -0.341876
0.314405 0.42634 -0.331619
0.259734 0.394522 -0.383804
0.463341 0.421536 -0.175604
0.402001 0.468243 -0.2023
0.336263 0.511854 -0.223065
0.364548 0.454257 -0.273586
0.383425 0.388135 -0.31753
0.51265 0.36583 -0.141405
0.478095 0.356523 -0.215808
0.434863 0.337796 -0.283494
0.387504 0.310717 -0.344807
0.487207 0.289813 -0.251862
0.523721 0.236138 -0.212083
0.489579 0.219807 -0.279231
0.482616 0.143675 -0.280652
0.439589 0.186811 -0.32661
0.391744 0.232562 -0.368442
0.329901 0.276732 -0.392208
0.385277 0.151217 -0.367973
0.378486 0.071214 -0.35772
0.323094 0.115376 -0.399973
0.264488 0.318974 -0.410865
0.19807 0.359564 -0.425925
0.128584 0.393903 -0.425558
0.061406 0.428002 -0.418658
0.128495 0.323427 -0.453284
0.127311 0.247894 -0.471989
0.055736 0.290763 -0.475446
0.259052 0.079952 -0.431063
0.261851 0.160331 -0.431774
0.26509 0.240435 -0.427749
0.196535 0.204598 -0.457033
0.124636 0.169766 -0.477112
0.251814 0.00178 -0.416319
0.188363 0.0466 -0.448349
0.121087 0.091602 -0.467582
0.050297 0.135077 -0.478349
0.118888 0.007339 -0.462749
0.1127 -0.032142 -0.415408
0.04712 -0.007593 -0.451083
-0.00679 -0.003983 -0.400504
-0.026222 0.019468 -0.463298
-0.023348 0.09917 -0.46956
-0.021683 0.177511 -0.477781
-0.093226 0.064092 -0.451481
-0.148205 0.039942 -0.399922
-0.161309 0.101796 -0.431373
-0.019802 0.256316 -0.479544
-0.015914 0.334467 -0.465317
-0.008642 0.40278 -0.430354
0.001501 0.46701 -0.392386
-0.080217 0.373505 -0.428178
-0.150225 0.339772 -0.414368
-0.137777 0.414419 -0.3843
-0.224162 0.140368 -0.402709
-0.163971 0.18084 -0.444944
-0.093644 0.220096 -0.467432
-0.158114 0.261544 -0.434305
-0.217547 0.302425 -0.392764
-0.27828 0.104016 -0.352659
-0.282363 0.181357 -0.365568
-0.274153 0.260856 -0.35515
-0.264168 0.337176 -0.333147
-0.325129 0.219727 -0.312889
-0.373929 0.180814 -0.26719
-0.364401 0.254204 -0.258283
-0.406679 0.27568 -0.197211
-0.358069 0.322311 -0.232874
-0.306591 0.366613 -0.268944
-0.251716 0.41127 -0.303534
-0.348157 0.389971 -0.201099
-0.381835 0.402397 -0.126758
-0.325735 0.451581 -0.16095
-0.185492 0.447795 -0.325444
-0.117342 0.481526 -0.342109
-0.04486 0.506208 -0.347526
-0.088484 0.542858 -0.295908
-0.132039 0.576962 -0.239119
-0.304345 0.515131 -0.121548
-0.268517 0.499641 -0.194049
-0.231421 0.479282 -0.264557
-0.204753 0.543024 -0.221766
-0.166982 0.592197 -0.169292
-0.324693 0.516826 -0.041665
-0.26636 0.563748 -0.07455
-0.20343 0.610122 -0.101378
-0.225997 0.60599 -0.027233
-0.244582 0.601893 0.045825
0.110824 0.464047 0.493915
0.182194 0.440447 0.490035
0.228663 0.478676 0.442407
0.19778 0.54269 0.401593
0.271329 0.510473 0.385434
0.251557 0.408506 0.479012
0.318676 0.372212 0.461067
0.310537 0.535412 0.321925
0.275775 0.591636 0.274964
0.347625 0.556968 0.256613
0.376331 0.568264 0.186496
0.333796 0.608749 0.139817
0.392698 0.569648 0.11327
0.414693 0.517576 0.229765
0.441199 0.453467 0.266495
0.465788 0.466674 0.190431
0.377418 0.329848 0.429143
0.362874 0.40364 0.399786
0.340184 0.472463 0.363287
0.405947 0.432333 0.336524
0.461337 0.384777 0.299986
0.434771 0.287399 0.395778
0.478691 0.315799 0.332651
0.514313 0.335951 0.261668
0.485518 0.243855 0.35789
0.523486 0.196038 0.313816
0.445679 0.534615 0.073175
0.476146 0.479721 0.02898
0.507671 0.424728 -0.016532
0.477481 0.47459 0.110394
0.509272 0.413237 0.147688
0.52982 0.364372 -0.060506
0.544074 0.301003 -0.101976
0.54746 0.235811 -0.139715
0.542517 0.171341 -0.176016
0.568478 0.231701 -0.06456
0.579811 0.226261 0.013757
0.575562 0.158329 -0.028874
0.54176 0.350906 0.185218
0.548078 0.357542 0.103396
0.541046 0.360749 0.021215
0.564787 0.292197 0.058069
0.578601 0.220186 0.093453
0.552444 0.278981 0.217609
0.573846 0.21426 0.172406
0.576127 0.14624 0.127812
0.56043 0.207361 0.248498
0.551087 0.13656 0.27556
0.545764 0.071526 0.237586
0.563259 0.073452 0.162791
0.569782 0.078245 0.08483
0.539882 0.004182 0.200492
0.521871 -0.060078 0.159467
0.5668 0.084998 0.006
0.557503 0.092603 -0.071811
0.539331 0.101985 -0.14637
0.516221 0.114728 -0.217666
0.537212 0.030323 -0.118713
0.524108 -0.039766 -0.086761
0.502737 -0.024393 -0.16595
0.492561 -0.119432 0.114836
0.529441 -0.056284 0.077779
0.554077 0.01258 0.041142
0.528733 -0.048739 -0.00411
0.49669 -0.104781 -0.050068
0.464699 -0.179419 0.069375
0.469684 -0.170464 -0.013406
0.456927 -0.154817 -0.094856
0.426247 -0.220463 0.025227
0.368214 -0.215104 -0.005237
0.479286 0.07024 -0.264877
0.429295 0.030357 -0.305973
0.368631 -0.006212 -0.338438
0.467749 -0.000647 -0.238364
0.453347 -0.070992 -0.208532
0.307233 -0.042088 -0.371036
0.239261 -0.072483 -0.386578
0.163285 -0.064089 -0.371077
0.094794 -0.048502 -0.351082
0.209596 -0.091419 -0.318174
0.252093 -0.118547 -0.261317
0.174884 -0.117423 -0.256246
0.435098 -0.138977 -0.174944
0.397846 -0.113004 -0.247036
0.355793 -0.08125 -0.313939
0.32756 -0.131631 -0.265788
0.289147 -0.147366 -0.201135
0.396341 -0.184144 -0.128606
0.321926 -0.169586 -0.13689
0.252369 -0.142966 -0.133731
0.34897 -0.195572 -0.07338
0.304348 -0.195834 -0.015862
0.237158 -0.189429 -0.014409
0.209537 -0.161176 -0.071969
0.177611 -0.136919 -0.130526
0.168682 -0.183133 -0.009575
0.100588 -0.161922 -0.000576
0.142541 -0.114762 -0.188718
0.104845 -0.086351 -0.242158
0.060338 -0.06937 -0.296
0.022965 -0.033134 -0.343147
0.028493 -0.073769 -0.235688
-0.002291 -0.07294 -0.171874
-0.040157 -0.038823 -0.224989
0.040043 -0.127826 0.007401
0.072205 -0.128703 -0.059962
0.104115 -0.131085 -0.126894
0.03184 -0.114672 -0.120603
-0.036346 -0.084783 -0.111757
-0.029431 -0.125812 0.006246
-0.069828 -0.10736 -0.054169
-0.109763 -0.072342 -0.107032
-0.092654 -0.09996 0.011251
-0.158551 -0.083458 0.016898
-0.222106 -0.065118 0.038025
-0.203543 -0.059375 -0.028665
-0.175979 -0.041423 -0.09013
-0.146165 -0.028 -0.15331
-0.249853 -0.038435 -0.075997
-0.319614 -0.024809 -0.050796
-0.296282 -0.021974 -0.127085
-0.114479 -0.019945 -0.218353
-0.0821 -0.017689 -0.282579
-0.046442 -0.009886 -0.343046
-0.118844 0.006724 -0.342149
-0.194279 0.016228 -0.338367
-0.339862 0.003177 -0.179359
-0.264343 0.001843 -0.195992
-0.189149 -0.00374 -0.208326
-0.231372 0.000912 -0.26857
-0.265867 0.03862 -0.323266
-0.408628 0.024478 -0.151378
-0.379227 0.032249 -0.238067
-0.333799 0.062289 -0.304702
-0.379483 0.108026 -0.254418
-0.409229 0.154095 -0.202593
-0.282073 -0.056942 0.070135
-0.336267 -0.038797 0.025963
-0.39042 -0.027642 -0.023581
-0.344442 -0.069798 0.099557
-0.403216 -0.058687 0.138989
-0.437007 0.008248 -0.070657
-0.452755 0.072076 -0.108639
-0.446146 0.143617 -0.135591
-0.427817 0.212488 -0.159281
-0.466747 0.137158 -0.059555
-0.483096 0.131514 0.019873
-0.470798 0.205131 -0.0147
-0.435297 -0.012698 0.181157
-0.449517 -0.008243 0.098389
-0.458747 -0.0143 0.006061
-0.473076 0.058576 0.057366
-0.476598 0.127203 0.100973
-0.441626 0.05418 0.218792
-0.468206 0.123052 0.181095
-0.472649 0.196077 0.1435
-0.441745 0.120591 0.25487
-0.429796 0.185926 0.288366
-0.406501 0.243798 0.331372
-0.431938 0.255144 0.260118
-0.453065 0.263172 0.185643
-0.463892 0.269338 0.107617
-0.425057 0.325667 0.230551
-0.382325 0.379445 0.274201
-0.410496 0.39541 0.19801
-0.469876 0.275056 0.027906
-0.45222 0.276428 -0.04983
-0.433159 0.277932 -0.125306
-0.424197 0.343738 -0.087957
-0.403126 0.405816 -0.047163
-0.377816 0.456821 0.160144
-0.418359 0.40171 0.116025
-0.450816 0.341475 0.071469
-0.41798 0.406483 0.033948
-0.377708 0.466138 -0.004826
-0.332451 0.509621 0.203938
-0.342475 0.514822 0.121789
-0.340164 0.51773 0.03905
-0.298113 0.564119 0.082288
-0.248222 0.602669 0.122276
-0.361261 0.286998 0.373217
-0.349784 0.358203 0.347697
-0.326218 0.423795 0.312781
-0.310131 0.327499 0.413659
-0.245997 0.362115 0.441288
-0.301026 0.489309 0.277453
-0.270876 0.550946 0.239585
-0.224529 0.590748 0.193031
-0.180457 0.62732 0.145144
-0.196908 0.578716 0.263183
-0.165164 0.562832 0.33317
-0.122184 0.607431 0.279786
-0.182041 0.398108 0.470474
-0.2265 0.435177 0.411978
-0.268431 0.46749 0.349627
-0.200811 0.504879 0.377833
-0.126918 0.535392 0.396844
-0.111537 0.428039 0.48677
-0.082643 0.49417 0.447592
-0.046509 0.55179 0.403202
-0.038349 0.451228 0.493043
0.034761 0.467502 0.494255
0.074446 0.518052 0.455433
0.034638 0.563132 0.408156
-0.005163 0.600225 0.352051
0.117231 0.559333 0.40687
0.158535 0.590461 0.348261
-0.042838 0.623702 0.287182
-0.079402 0.646268 0.22191
-0.1118 0.655534 0.153568
-0.037968 0.673147 0.156574
0.039705 0.680213 0.157384
0.198794 0.616515 0.285376
0.1186 0.632439 0.291091
0.037075 0.64012 0.294339
0.078524 0.659756 0.225943
0.117856 0.677128 0.156343
0.235949 0.635238 0.219088
0.193408 0.658413 0.153118
0.267851 0.64217 0.149734
0.077239 -0.125972 0.498189
0.048279 -0.10739 0.511591
0.081521 -0.09568 0.514921
0.084716 -0.063578 0.5304
0.051446 -0.045699 0.542888
0.087279 -0.029639 0.544404
0.116033 -0.084874 0.519199
0.145346 -0.107612 0.504529
0.150734 -0.071117 0.516941
0.089413 0.006364 0.55492
0.054757 0.025486 0.565222
0.092133 0.041218 0.570709
0.094253 0.079391 0.579405
0.058347 0.100957 0.581731
0.095551 0.11858 0.579908
0.128966 0.058846 0.56779
0.16266 0.037937 0.555768
0.166108 0.075111 0.569102
0.185504 -0.056511 0.513096
0.15606 -0.037152 0.534423
0.123315 -0.015284 0.547105
0.160136 -0.000629 0.548489
0.195555 0.016545 0.542046
0.213532 -0.076795 0.491512
0.220133 -0.040521 0.50715
0.226178 -0.004497 0.52334
0.230136 0.033912 0.534448
0.256277 -0.026119 0.503819
0.283589 -0.045352 0.479198
0.291127 -0.009085 0.495755
0.097258 0.157389 0.582855
0.062003 0.178719 0.590831
0.098834 0.19651 0.582782
0.099635 0.234799 0.57745
0.06465 0.254941 0.57467
0.100882 0.273106 0.572987
0.134615 0.21448 0.573684
0.169 0.194057 0.56605
0.170227 0.233385 0.564646
0.101264 0.308838 0.560366
0.067591 0.327948 0.55903
0.101075 0.342167 0.545218
0.100361 0.374583 0.529715
0.06983 0.391891 0.532702
0.099232 0.407515 0.517802
0.132934 0.359541 0.530489
0.166835 0.345456 0.533016
0.162629 0.380033 0.51588
0.203395 0.252722 0.549748
0.170891 0.272587 0.559814
0.136482 0.291789 0.56426
0.169166 0.309467 0.546706
0.201804 0.331145 0.535843
0.238208 0.233879 0.544954
0.235938 0.272793 0.534766
0.236145 0.31333 0.530762
0.232372 0.352419 0.518487
0.267168 0.293296 0.517385
0.298169 0.273522 0.504721
0.293696 0.312324 0.49241
0.321924 0.010935 0.480815
0.295823 0.030222 0.507359
0.264966 0.05155 0.52636
0.235341 0.071867 0.547112
0.296182 0.071059 0.51061
0.328561 0.090194 0.49739
0.299813 0.110869 0.518288
0.203466 0.09288 0.565671
0.168105 0.114913 0.574034
0.132224 0.136285 0.574868
0.168645 0.154647 0.569971
0.203536 0.173426 0.559847
0.300372 0.151951 0.518603
0.267359 0.132008 0.531949
0.237802 0.112332 0.552482
0.236883 0.152862 0.549094
0.238741 0.193328 0.550528
0.329485 0.172014 0.498368
0.298452 0.19233 0.512968
0.270388 0.213373 0.532097
0.298796 0.23289 0.510095
0.329498 0.2533 0.491415
0.348702 -0.008499 0.455869
0.354096 0.029862 0.468768
0.355216 0.070339 0.473966
0.357179 0.110589 0.478592
0.384467 0.050042 0.453619
0.408865 0.031749 0.426051
0.410065 0.071124 0.433451
0.357507 0.151301 0.479096
0.357252 0.191861 0.476972
0.356325 0.232156 0.47176
0.355343 0.272402 0.46546
0.386114 0.21208 0.456871
0.413137 0.191341 0.438288
0.410205 0.230819 0.430179
0.43993 0.090903 0.419643
0.412594 0.110767 0.44009
0.384313 0.130936 0.458481
0.411696 0.150968 0.43891
0.437013 0.17087 0.417209
0.462178 0.073179 0.392041
0.464923 0.111805 0.400254
0.463043 0.151399 0.39921
0.461762 0.189926 0.393997
0.483681 0.132316 0.376234
0.502371 0.114699 0.352132
0.501989 0.151369 0.352699
0.064514 -0.156995 0.482793
0.09927 -0.148605 0.482804
0.135488 -0.140569 0.485293
0.171103 -0.127607 0.482015
0.12075 -0.16751 0.460955
0.103606 -0.197016 0.442238
0.142988 -0.187032 0.439026
0.205623 -0.112506 0.475421
0.240548 -0.097116 0.468519
0.277168 -0.083416 0.465269
0.312014 -0.066227 0.456363
0.266782 -0.117371 0.444787
0.256888 -0.152621 0.427152
0.291342 -0.135198 0.417324
0.165105 -0.204753 0.413477
0.181981 -0.178798 0.437895
0.195994 -0.1482 0.459918
0.220838 -0.16855 0.435476
0.242931 -0.183506 0.404947
0.147607 -0.230847 0.391791
0.188146 -0.223471 0.386906
0.227163 -0.21301 0.381216
0.265258 -0.200994 0.375589
0.210605 -0.240505 0.358869
0.191581 -0.272071 0.334582
0.230091 -0.272932 0.326373
0.342458 -0.045725 0.441194
0.373152 -0.025795 0.427017
0.402998 -0.005428 0.412188
0.430708 0.01584 0.395564
0.399264 -0.043165 0.399737
0.393433 -0.080222 0.384508
0.421642 -0.057164 0.367132
0.458266 0.036882 0.379684
0.480301 0.059346 0.359829
0.502303 0.081462 0.341196
0.524838 0.103852 0.324324
0.499732 0.048606 0.327216
0.49797 0.014646 0.312769
0.515569 0.04268 0.291859
0.438648 -0.066601 0.330199
0.449011 -0.034581 0.350086
0.456435 -0.000287 0.367743
0.476866 -0.01176 0.333226
0.490347 -0.017658 0.294679
0.429406 -0.099508 0.311214
0.460311 -0.077608 0.296201
0.485111 -0.051326 0.27736
0.505737 -0.022991 0.257458
0.477423 -0.084691 0.258236
0.463577 -0.114264 0.236211
0.487111 -0.086582 0.217393
0.251404 -0.276812 0.294956
0.270226 -0.2415 0.320297
0.286232 -0.214611 0.343851
0.304273 -0.187191 0.36996
0.306935 -0.225927 0.311199
0.328892 -0.236399 0.278295
0.343003 -0.206088 0.299912
0.317191 -0.15406 0.391002
0.324906 -0.116678 0.406128
0.33598 -0.083014 0.426207
0.359797 -0.099371 0.39654
0.382015 -0.113122 0.363854
0.376773 -0.185831 0.286619
0.356878 -0.176219 0.321856
0.339074 -0.167637 0.358059
0.369613 -0.144741 0.342818
0.401732 -0.123551 0.328721
0.392027 -0.189618 0.247927
0.409003 -0.164119 0.271477
0.421353 -0.13317 0.292699
0.435154 -0.138056 0.253256
0.453862 -0.146093 0.215963
0.230732 -0.263723 0.266139
0.274208 -0.275069 0.25702
0.310533 -0.266218 0.251105
0.345193 -0.238706 0.240297
0.287461 -0.268286 0.22434
0.263214 -0.263214 0.196395
0.302249 -0.260925 0.18902
0.375829 -0.216453 0.225286
0.410044 -0.19738 0.210632
0.441142 -0.176391 0.194003
0.46519 -0.149016 0.1749
0.423147 -0.201316 0.169813
0.405208 -0.224494 0.146752
0.432272 -0.20416 0.127896
0.315411 -0.250758 0.154861
0.342045 -0.265275 0.176898
0.357947 -0.237158 0.202361
0.373952 -0.240937 0.164367
0.386405 -0.243124 0.126125
0.291971 -0.246467 0.129932
0.327695 -0.243908 0.120386
0.361398 -0.245672 0.105025
0.394996 -0.257115 0.080464
0.338262 -0.23283 0.087586
0.314298 -0.224503 0.068061
0.345246 -0.228649 0.05255
0.027002 -0.157684 0.486858
0.044015 -0.180841 0.465304
0.062531 -0.201195 0.4414
0.083917 -0.223227 0.422042
0.022599 -0.202024 0.444029
-0.016708 -0.19557 0.446926
-0.004179 -0.236833 0.425973
0.106493 -0.239264 0.397555
0.128541 -0.262487 0.370513
0.146902 -0.268139 0.340252
0.169773 -0.264315 0.304809
0.109113 -0.253853 0.339655
0.067757 -0.248374 0.34131
0.090394 -0.246012 0.310211
-0.023348 -0.246364 0.402199
0.018065 -0.258129 0.399828
0.062038 -0.256217 0.399312
0.045086 -0.246004 0.371609
0.028236 -0.234094 0.343372
-0.069538 -0.23229 0.402791
-0.037323 -0.225357 0.37275
-0.013366 -0.229331 0.343112
0.01019 -0.232537 0.311687
-0.052929 -0.218007 0.342578
-0.093077 -0.208923 0.339706
-0.067827 -0.207607 0.310693
0.189981 -0.263667 0.270284
0.209518 -0.255985 0.23809
0.225193 -0.25677 0.202907
0.240929 -0.250183 0.169892
0.19027 -0.239613 0.211159
0.153794 -0.229582 0.215685
0.174308 -0.21779 0.186002
0.256346 -0.24124 0.137477
0.268863 -0.239277 0.102507
0.282331 -0.227322 0.071734
0.295393 -0.213581 0.042433
0.250256 -0.220954 0.077048
0.219011 -0.211303 0.082625
0.233722 -0.206976 0.048566
0.156074 -0.203137 0.156433
0.191201 -0.212937 0.152034
0.223738 -0.227701 0.145526
0.20402 -0.216432 0.116576
0.184386 -0.210196 0.08535
0.118916 -0.204603 0.157126
0.136937 -0.196825 0.125135
0.150964 -0.201658 0.089379
0.168154 -0.194927 0.055752
0.120922 -0.181596 0.095322
0.088178 -0.168705 0.099845
0.108297 -0.161241 0.066783
-0.080235 -0.193106 0.279945
-0.045147 -0.215018 0.279588
-0.006568 -0.226071 0.280267
0.033635 -0.226768 0.281387
-0.020497 -0.210135 0.25001
-0.035024 -0.200583 0.218564
0.001664 -0.210284 0.218614
0.073507 -0.230784 0.281321
0.112372 -0.241724 0.279433
0.149501 -0.257813 0.274429
0.132313 -0.240091 0.246434
0.116999 -0.217373 0.220851
0.024194 -0.204111 0.188257
0.038782 -0.2219 0.217816
0.055583 -0.228451 0.249857
0.077391 -0.225211 0.217903
0.099503 -0.207165 0.190325
0.010766 -0.189059 0.158644
0.046878 -0.191704 0.159953
0.082531 -0.199582 0.158605
0.067225 -0.183039 0.128762
0.052477 -0.169037 0.098301
-0.121327 -0.192075 0.274585
-0.095623 -0.188725 0.247136
-0.072569 -0.192566 0.216375
-0.048121 -0.186752 0.187979
-0.108333 -0.178987 0.215041
-0.143961 -0.165704 0.211452
-0.116384 -0.157481 0.186551
-0.02403 -0.175097 0.16031
-0.00464 -0.181391 0.125685
0.017125 -0.169575 0.096406
0.037894 -0.149718 0.070082
-0.017469 -0.162001 0.097172
-0.052094 -0.157579 0.095966
-0.031841 -0.148903 0.066457
-0.127824 -0.148145 0.154982
-0.09538 -0.165089 0.155398
-0.059552 -0.170107 0.158218
-0.073861 -0.164136 0.125311
-0.086423 -0.151608 0.094169
-0.158974 -0.13123 0.152946
-0.13923 -0.139136 0.12371
-0.118831 -0.140082 0.094116
-0.096276 -0.129395 0.067529
-0.145085 -0.119009 0.097691
-0.171227 -0.098949 0.099053
-0.151567 -0.099415 0.072206
0.017089 -0.126314 0.504948
-0.007453 -0.146991 0.489782
-0.031023 -0.16616 0.470774
-0.055972 -0.187574 0.453838
-0.041384 -0.132126 0.489006
-0.04818 -0.099883 0.511172
-0.07644 -0.117925 0.491304
-0.080704 -0.203098 0.431939
-0.104454 -0.220025 0.402073
-0.118578 -0.205928 0.369121
-0.131519 -0.194138 0.336907
-0.141983 -0.196911 0.398898
-0.15549 -0.166163 0.422864
-0.184017 -0.189007 0.393424
-0.111026 -0.100276 0.488832
-0.104994 -0.137809 0.474729
-0.095268 -0.173863 0.456139
-0.131849 -0.154815 0.450797
-0.16732 -0.135256 0.443782
-0.116167 -0.063998 0.50633
-0.146753 -0.083086 0.488215
-0.176465 -0.101009 0.466799
-0.202075 -0.115343 0.436907
-0.1811 -0.062665 0.482255
-0.181466 -0.022279 0.491091
-0.21155 -0.039189 0.469422
-0.146925 -0.191139 0.30292
-0.159691 -0.180376 0.269401
-0.168462 -0.162621 0.23878
-0.180635 -0.153514 0.2052
-0.193231 -0.157467 0.265308
-0.21935 -0.153777 0.291592
-0.227939 -0.139583 0.257513
-0.187745 -0.136308 0.174576
-0.190992 -0.113431 0.148069
-0.196786 -0.098873 0.118675
-0.199531 -0.080394 0.090721
-0.221042 -0.093132 0.139558
-0.248853 -0.094645 0.157797
-0.253638 -0.084741 0.122678
-0.262326 -0.120221 0.247204
-0.233601 -0.118459 0.226229
-0.212089 -0.131005 0.200034
-0.241937 -0.105918 0.192164
-0.276518 -0.096756 0.175735
-0.288757 -0.117061 0.269347
-0.299508 -0.114144 0.231221
-0.305596 -0.10019 0.19447
-0.310098 -0.086021 0.158454
-0.333215 -0.097548 0.215422
-0.358276 -0.087505 0.238149
-0.364671 -0.078658 0.198278
-0.245 -0.017796 0.461587
-0.238203 -0.053594 0.442367
-0.232408 -0.090404 0.424825
-0.224965 -0.125198 0.405601
-0.262993 -0.06511 0.412566
-0.292143 -0.040245 0.398233
-0.289618 -0.07697 0.382722
-0.221864 -0.175309 0.384795
-0.194781 -0.172721 0.359277
-0.170871 -0.181615 0.331685
-0.206098 -0.159501 0.32612
-0.245829 -0.150081 0.316673
-0.309764 -0.082836 0.348064
-0.282148 -0.110478 0.364999
-0.248443 -0.13324 0.375996
-0.276637 -0.143999 0.341894
-0.281046 -0.131046 0.305454
-0.33823 -0.057915 0.331805
-0.339494 -0.097677 0.31357
-0.313772 -0.108647 0.291975
-0.351775 -0.097782 0.278931
-0.383586 -0.076013 0.256704
-0.246907 0.021477 0.474316
-0.275113 0.006257 0.448154
-0.297271 -0.004987 0.415136
-0.323331 -0.017163 0.385649
-0.299886 0.031892 0.429675
-0.305331 0.06792 0.446839
-0.328654 0.054821 0.415749
-0.345043 -0.025764 0.35091
-0.364254 -0.031744 0.314338
-0.384465 -0.0372 0.278546
-0.400116 -0.03932 0.240379
-0.386317 -0.00342 0.294836
-0.391435 0.02889 0.31347
-0.412933 0.023356 0.278539
-0.351527 0.079476 0.396813
-0.351334 0.043768 0.383733
-0.351003 0.007802 0.369514
-0.37209 0.035092 0.349199
-0.393039 0.061998 0.329656
-0.35147 0.116044 0.408243
-0.37494 0.103086 0.379359
-0.397088 0.093891 0.34708
-0.412622 0.089777 0.310278
-0.395189 0.127418 0.360155
-0.387915 0.160854 0.367949
-0.408685 0.152446 0.338037
0.016247 -0.092883 0.516619
-0.016944 -0.079384 0.523475
-0.051362 -0.064651 0.528638
0.016277 -0.060925 0.533175
0.017028 -0.026725 0.547149
-0.085629 -0.046307 0.52667
-0.118152 -0.025859 0.519254
-0.152662 -0.006248 0.515715
-0.184468 0.016077 0.505276
-0.12005 0.012067 0.53346
-0.086717 0.030143 0.549095
-0.11936 0.05183 0.540562
0.018262 0.008821 0.559355
-0.017645 -0.009292 0.552341
-0.051944 -0.026696 0.539102
-0.053014 0.009013 0.554949
-0.052872 0.047267 0.566492
0.019679 0.045543 0.570153
-0.015952 0.065626 0.574441
-0.050786 0.087113 0.569237
0.021289 0.083767 0.574962
0.023046 0.122474 0.579833
-0.214741 0.039071 0.492713
-0.244993 0.062019 0.480521
-0.276385 0.084341 0.470506
-0.305698 0.107519 0.4571
-0.246741 0.101417 0.491443
-0.217108 0.118646 0.513252
-0.244902 0.142292 0.495371
-0.329235 0.131429 0.43693
-0.345614 0.154159 0.411669
-0.364311 0.176102 0.389248
-0.382294 0.196808 0.366629
-0.342773 0.19308 0.412534
-0.320928 0.210903 0.436085
-0.341952 0.231893 0.410227
-0.244516 0.183062 0.500432
-0.274801 0.165256 0.48197
-0.301253 0.14822 0.458941
-0.301038 0.188634 0.462372
-0.297832 0.229504 0.459591
-0.211338 0.200504 0.512974
-0.241326 0.224349 0.498357
-0.268316 0.247452 0.477144
-0.290944 0.26828 0.450085
-0.234391 0.263554 0.487821
-0.201741 0.280523 0.50068
-0.230511 0.304059 0.482046
0.024019 0.160944 0.58842
-0.011942 0.144147 0.576842
-0.048628 0.126584 0.570153
-0.085269 0.108506 0.564899
-0.046643 0.166154 0.571364
-0.045444 0.205568 0.575771
-0.081062 0.188488 0.565493
-0.120022 0.090739 0.550962
-0.151812 0.073816 0.5312
-0.183868 0.056276 0.513014
-0.185077 0.095683 0.52402
-0.183485 0.136537 0.527566
-0.112985 0.211444 0.552104
-0.116427 0.171585 0.555961
-0.119577 0.131004 0.557757
-0.150322 0.154076 0.542176
-0.181541 0.17713 0.529007
-0.109715 0.251214 0.547981
-0.145434 0.235253 0.54146
-0.180184 0.218217 0.530767
-0.175303 0.258677 0.52392
-0.168131 0.297054 0.511775
0.025743 0.200734 0.58872
-0.008313 0.222068 0.577454
-0.043009 0.245311 0.572609
0.028015 0.238962 0.580252
0.030003 0.276648 0.574192
-0.07537 0.267979 0.558285
-0.106096 0.290816 0.542644
-0.136413 0.314679 0.526572
-0.162585 0.336506 0.502817
-0.101651 0.330533 0.535297
-0.065508 0.343613 0.536838
-0.094113 0.367538 0.520285
0.032083 0.314286 0.568236
-0.004174 0.299019 0.568117
-0.03906 0.282967 0.561219
-0.035728 0.320881 0.552912
-0.030489 0.356808 0.539224
0.034386 0.349232 0.555071
0.003525 0.369926 0.541197
-0.024489 0.393026 0.52656
0.03713 0.381638 0.539958
0.041238 0.415297 0.529225
-0.172804 0.639761 0.084759
-0.192422 0.633253 0.055022
-0.161522 0.64954 0.052808
-0.149338 0.655768 0.019149
-0.171357 0.642814 -0.010761
-0.134823 0.655402 -0.015177
-0.127261 0.659653 0.051476
-0.108717 0.664076 0.085318
-0.092118 0.669083 0.050772
-0.120378 0.655585 -0.049863
-0.142148 0.63958 -0.079745
-0.105634 0.656435 -0.0857
-0.087869 0.64949 -0.120215
-0.107652 0.626225 -0.147514
-0.069102 0.638866 -0.152818
-0.065882 0.666073 -0.089051
-0.043014 0.673158 -0.055203
-0.025371 0.667777 -0.090029
-0.056599 0.681261 0.050478
-0.07671 0.674804 0.015481
-0.097063 0.663399 -0.017706
-0.059689 0.672961 -0.019716
-0.021244 0.679033 -0.020933
-0.03627 0.678958 0.085639
-0.018606 0.686324 0.050034
-0.000435 0.685378 0.013896
0.017428 0.686327 -0.022058
0.01959 0.688092 0.049611
0.039302 0.689193 0.08575
0.058313 0.693131 0.049187
-0.051624 0.632892 -0.187878
-0.071384 0.608218 -0.214465
-0.031853 0.619414 -0.219532
-0.011629 0.601564 -0.247481
-0.032596 0.582205 -0.276357
0.007994 0.588707 -0.278441
0.009591 0.622439 -0.220308
0.031384 0.638342 -0.189968
0.050802 0.620171 -0.218929
0.028122 0.569434 -0.304807
0.008218 0.544913 -0.328128
0.047546 0.545268 -0.325351
0.06608 0.523094 -0.346497
0.046738 0.50485 -0.36997
0.083318 0.500151 -0.366654
0.086947 0.54565 -0.327855
0.108771 0.565524 -0.305097
0.126334 0.539993 -0.329586
0.092071 0.618085 -0.219126
0.070345 0.601867 -0.247709
0.049034 0.586446 -0.276427
0.089645 0.583427 -0.275982
0.130336 0.579599 -0.276995
0.114093 0.636341 -0.191939
0.13314 0.616094 -0.220856
0.15226 0.595564 -0.250236
0.169149 0.567944 -0.27455
0.174586 0.610868 -0.221692
0.194881 0.61888 -0.188683
0.21383 0.596688 -0.217968
0.09749 0.689668 0.048759
0.077235 0.687845 0.012842
0.056999 0.685494 -0.022568
0.036046 0.685246 -0.058406
0.096113 0.682721 -0.022861
0.1358 0.681535 -0.023235
0.115703 0.67752 -0.058619
0.014402 0.675613 -0.092673
-0.006826 0.65935 -0.124004
-0.029496 0.65014 -0.157179
0.011931 0.652504 -0.158418
0.052779 0.655453 -0.160271
0.134947 0.663995 -0.09226
0.095294 0.671213 -0.09289
0.055178 0.675084 -0.093191
0.074492 0.667972 -0.127871
0.094596 0.656624 -0.162012
0.174428 0.656362 -0.091351
0.155045 0.652017 -0.125601
0.135615 0.648347 -0.160348
0.174363 0.634611 -0.156951
0.21471 0.626289 -0.156038
0.116611 0.682566 0.084682
0.134987 0.679256 0.048457
0.154389 0.677071 0.012649
0.174386 0.672128 -0.022872
0.173428 0.675599 0.047943
0.192848 0.672484 0.083488
0.210223 0.665255 0.047662
0.193176 0.65855 -0.056728
0.214334 0.649649 -0.090584
0.234981 0.634186 -0.122967
0.252488 0.610242 -0.151583
0.252014 0.634841 -0.087577
0.268729 0.635574 -0.053187
0.287561 0.616722 -0.082885
0.246014 0.654525 0.047499
0.229733 0.661445 0.012726
0.211717 0.661155 -0.022194
0.250047 0.653013 -0.021619
0.285802 0.637347 -0.019261
0.264787 0.65358 0.081695
0.280934 0.643653 0.047333
0.29965 0.632926 0.014915
0.319881 0.619581 -0.01531
0.314003 0.630325 0.047649
0.32745 0.624077 0.079391
0.347265 0.618042 0.049022
0.376656 0.597649 0.059157
0.369194 0.604151 0.02463
0.355998 0.604817 -0.009704
0.338625 0.599892 -0.042385
0.38766 0.583226 0.001115
0.412485 0.556531 0.016461
0.40193 0.557318 -0.020842
0.325228 0.602367 -0.078005
0.307881 0.598861 -0.112497
0.28776 0.590369 -0.14482
0.27048 0.587363 -0.179735
0.324836 0.573761 -0.139045
0.358198 0.551809 -0.129437
0.33964 0.545752 -0.163612
0.421309 0.535596 -0.044959
0.38894 0.556669 -0.05756
0.358732 0.580764 -0.06925
0.374634 0.555223 -0.093877
0.390284 0.529139 -0.1182
0.447339 0.508855 -0.028858
0.436019 0.508444 -0.067947
0.420152 0.504584 -0.104923
0.407845 0.504368 -0.143432
0.451346 0.482032 -0.091206
0.477954 0.455289 -0.074822
0.466898 0.454972 -0.115014
0.250145 0.578559 -0.212022
0.229036 0.567372 -0.242571
0.207019 0.554286 -0.271366
0.185076 0.540523 -0.299211
0.245361 0.541 -0.269192
0.280621 0.521794 -0.262631
0.260239 0.51247 -0.295201
0.163353 0.526542 -0.326589
0.139975 0.508022 -0.348286
0.116553 0.488479 -0.366992
0.093005 0.470402 -0.385634
0.151013 0.478381 -0.371219
0.18535 0.46366 -0.370663
0.157868 0.445922 -0.392307
0.270365 0.47823 -0.315977
0.236115 0.49748 -0.322718
0.199223 0.511784 -0.323846
0.209759 0.47843 -0.344263
0.218307 0.445223 -0.365297
0.304833 0.45949 -0.309741
0.281065 0.446725 -0.339583
0.254475 0.431031 -0.366174
0.224577 0.411317 -0.38553
0.2893 0.412562 -0.361172
0.320906 0.390828 -0.350452
0.292777 0.374378 -0.375639
0.476335 0.423388 -0.136478
0.449154 0.449546 -0.152101
0.42046 0.474652 -0.166534
0.391443 0.500431 -0.180578
0.435448 0.447496 -0.19098
0.44954 0.418837 -0.215214
0.417818 0.441922 -0.228216
0.356867 0.520984 -0.190181
0.323392 0.542466 -0.199611
0.288803 0.563915 -0.208183
0.302853 0.533575 -0.232445
0.316881 0.504508 -0.257159
0.394588 0.430401 -0.260652
0.384075 0.462143 -0.238262
0.369974 0.490859 -0.213739
0.352859 0.486036 -0.250157
0.330805 0.475494 -0.282983
0.404324 0.398138 -0.282425
0.37281 0.420169 -0.293956
0.33982 0.440801 -0.303522
0.349116 0.407962 -0.325647
0.356399 0.372824 -0.346214
0.501352 0.396007 -0.119345
0.486891 0.393195 -0.158315
0.474151 0.390757 -0.197607
0.456907 0.384943 -0.235596
0.494701 0.361422 -0.178632
0.516788 0.332572 -0.160581
0.503704 0.330629 -0.199232
0.432502 0.37401 -0.268048
0.412241 0.36392 -0.302792
0.3883 0.350725 -0.334932
0.358567 0.333631 -0.359108
0.413923 0.325946 -0.317089
0.437601 0.301412 -0.298661
0.416498 0.288544 -0.331061
0.509963 0.298387 -0.218658
0.484223 0.32395 -0.235078
0.457329 0.348403 -0.250466
0.46038 0.31329 -0.266688
0.462284 0.277632 -0.281418
0.527878 0.268978 -0.198164
0.509667 0.264248 -0.23386
0.486599 0.254764 -0.264884
0.466166 0.242254 -0.296654
0.506135 0.23073 -0.245804
0.518282 0.205575 -0.223924
0.505932 0.19757 -0.258304
0.502226 0.160711 -0.259076
0.487976 0.181534 -0.28502
0.467192 0.203984 -0.306312
0.441453 0.226211 -0.322464
0.463826 0.164468 -0.306804
0.457692 0.126454 -0.299544
0.438411 0.147024 -0.327004
0.419595 0.249973 -0.344053
0.391574 0.273135 -0.360035
0.359071 0.294226 -0.369118
0.329013 0.31636 -0.381958
0.361049 0.255032 -0.381033
0.359239 0.214282 -0.384579
0.328278 0.236361 -0.396673
0.413332 0.128555 -0.349214
0.413497 0.169286 -0.348267
0.417312 0.209384 -0.348698
0.387529 0.19166 -0.3679
0.358148 0.173697 -0.387217
0.408878 0.088736 -0.34213
0.382977 0.110594 -0.365593
0.354449 0.133215 -0.384137
0.328155 0.155367 -0.406799
0.353004 0.092782 -0.382385
0.350842 0.05208 -0.37794
0.322346 0.0747 -0.399659
0.296368 0.337359 -0.391275
0.26164 0.356012 -0.395599
0.228998 0.376142 -0.403575
0.194847 0.394283 -0.407184
0.231626 0.339366 -0.418938
0.231075 0.300257 -0.426823
0.198473 0.321436 -0.437056
0.160393 0.410211 -0.407101
0.126963 0.426068 -0.406797
0.09422 0.440569 -0.403799
0.062809 0.456351 -0.401108
0.095192 0.412246 -0.425952
0.094808 0.379193 -0.442868
0.06005 0.397703 -0.437982
0.16327 0.303203 -0.449525
0.163556 0.340743 -0.439994
0.162718 0.376709 -0.425649
0.12847 0.358854 -0.439506
0.093282 0.342847 -0.453171
0.163135 0.265242 -0.45912
0.128629 0.286861 -0.466576
0.092305 0.307007 -0.46554
0.057106 0.327794 -0.464585
0.091274 0.269348 -0.474655
0.089697 0.230337 -0.475926
0.053832 0.251948 -0.477641
0.287933 0.058059 -0.410037
0.29098 0.097827 -0.414885
0.294091 0.137687 -0.419329
0.297046 0.17824 -0.421942
0.26191 0.120182 -0.43529
0.227442 0.10262 -0.448108
0.228773 0.142868 -0.447697
0.297138 0.218592 -0.416332
0.297772 0.258476 -0.410791
0.298863 0.298932 -0.405146
0.264892 0.279808 -0.420134
0.232518 0.262352 -0.439018
0.194701 0.165032 -0.456594
0.229969 0.182545 -0.445919
0.263876 0.200409 -0.431409
0.232536 0.222719 -0.446599
0.197845 0.244342 -0.45383
0.16021 0.147475 -0.470403
0.161073 0.187236 -0.467846
0.161328 0.22614 -0.461564
0.125237 0.20876 -0.471058
0.08875 0.191415 -0.478681
0.283747 0.018902 -0.401354
0.253926 0.042021 -0.420557
0.223897 0.06364 -0.440341
0.19088 0.086328 -0.452908
0.219616 0.025057 -0.431969
0.21756 -0.012518 -0.425271
0.185848 0.010028 -0.440805
0.15761 0.108249 -0.464928
0.123088 0.130145 -0.475658
0.087243 0.152479 -0.477364
0.051694 0.173804 -0.484888
0.085947 0.113953 -0.473571
0.08481 0.07499 -0.470289
0.049432 0.096552 -0.477732
0.147782 -0.012694 -0.452339
0.153985 0.030449 -0.457997
0.155799 0.068933 -0.462215
0.119616 0.052478 -0.467126
0.083781 0.039504 -0.463728
0.146824 -0.030792 -0.42403
0.11655 -0.020356 -0.448165
0.07804 -0.000521 -0.462522
0.047094 0.016462 -0.469599
0.082787 -0.015569 -0.432859
0.081776 -0.02986 -0.404732
0.053102 -0.009555 -0.416946
0.025568 -0.013124 -0.396236
0.018257 -0.002803 -0.425713
0.015093 0.004917 -0.458583
0.012166 0.044428 -0.466857
-0.015947 0.009144 -0.430328
-0.040655 0.00756 -0.402909
-0.05209 0.019215 -0.433583
0.011752 0.078521 -0.475181
0.013385 0.118066 -0.476623
0.014017 0.156105 -0.481574
0.015 0.195574 -0.484503
-0.02236 0.138671 -0.473414
-0.058629 0.119486 -0.467231
-0.058645 0.158754 -0.473004
-0.093504 0.024471 -0.440925
-0.06465 0.030429 -0.464158
-0.023605 0.062358 -0.466744
-0.059062 0.081002 -0.463863
-0.094867 0.100326 -0.459288
-0.113387 0.026115 -0.40411
-0.125188 0.038875 -0.438526
-0.127573 0.082979 -0.442373
-0.128684 0.120689 -0.447279
-0.166265 0.057314 -0.4294
-0.186232 0.04934 -0.397121
-0.196259 0.072016 -0.420767
0.016502 0.234732 -0.48033
0.018 0.27417 -0.482792
0.019834 0.313397 -0.475966
0.02186 0.349173 -0.460237
-0.018567 0.29632 -0.477152
-0.054751 0.277633 -0.468236
-0.052485 0.316645 -0.460716
0.024134 0.381741 -0.441271
0.026713 0.414335 -0.424221
0.029773 0.445763 -0.407093
0.033806 0.477376 -0.391449
-0.004148 0.434538 -0.410293
-0.039702 0.424512 -0.414899
-0.031919 0.454422 -0.390879
-0.08433 0.336703 -0.442187
-0.048145 0.352493 -0.44472
-0.012061 0.367698 -0.445153
-0.044937 0.389829 -0.433043
-0.075337 0.410346 -0.413037
-0.121247 0.320459 -0.438551
-0.115216 0.357088 -0.422075
-0.108791 0.392595 -0.404508
-0.10132 0.427342 -0.385942
-0.144053 0.376739 -0.399315
-0.177207 0.358364 -0.388553
-0.17273 0.397509 -0.376588
-0.225474 0.101328 -0.400426
-0.194616 0.120456 -0.41997
-0.162272 0.140481 -0.43688
-0.127948 0.161066 -0.450249
-0.19622 0.160243 -0.426563
-0.226275 0.181408 -0.408068
-0.197286 0.201768 -0.430442
-0.09473 0.179547 -0.467454
-0.058265 0.198574 -0.477467
-0.020619 0.216925 -0.478248
-0.056444 0.238524 -0.47328
-0.090208 0.259186 -0.458874
-0.193806 0.242917 -0.42496
-0.162721 0.222003 -0.444272
-0.1282 0.200708 -0.454361
-0.125475 0.240327 -0.448923
-0.124382 0.280628 -0.447156
-0.219386 0.261721 -0.398333
-0.186966 0.281166 -0.411834
-0.155539 0.301381 -0.427281
-0.183124 0.320702 -0.40272
-0.211522 0.341061 -0.37949
-0.256272 0.076347 -0.379522
-0.25245 0.121276 -0.379783
-0.252889 0.161221 -0.383763
-0.253218 0.20168 -0.386373
-0.279732 0.141516 -0.359153
-0.306001 0.122624 -0.333436
-0.305851 0.161144 -0.33812
-0.249383 0.241688 -0.380888
-0.247695 0.281861 -0.375763
-0.243775 0.321564 -0.365917
-0.235022 0.357877 -0.349128
-0.270646 0.2999 -0.346596
-0.298592 0.279505 -0.329131
-0.294445 0.317735 -0.318555
-0.328685 0.180964 -0.314973
-0.306524 0.201128 -0.341247
-0.280625 0.221922 -0.364356
-0.302099 0.240638 -0.336248
-0.324544 0.258774 -0.309643
-0.354238 0.161684 -0.290638
-0.351951 0.200094 -0.292927
-0.346152 0.23794 -0.287133
-0.345759 0.275717 -0.280886
-0.369576 0.218276 -0.266576
-0.387192 0.19895 -0.241812
-0.384699 0.234674 -0.239298
-0.406076 0.244729 -0.210183
-0.387038 0.267964 -0.230088
-0.362257 0.288833 -0.247144
-0.342053 0.31184 -0.268704
-0.38414 0.300404 -0.215842
-0.40135 0.306598 -0.180338
-0.376787 0.331157 -0.198185
-0.31647 0.333581 -0.287373
-0.286608 0.353095 -0.302398
-0.259136 0.374839 -0.320007
-0.226936 0.393873 -0.332369
-0.281712 0.390138 -0.28819
-0.298784 0.400804 -0.251648
-0.271658 0.423929 -0.268981
-0.372132 0.364222 -0.181759
-0.355726 0.357058 -0.219
-0.333503 0.344865 -0.251654
-0.328419 0.379806 -0.236331
-0.318297 0.411715 -0.216824
-0.385715 0.368429 -0.143496
-0.362405 0.395211 -0.162593
-0.335918 0.419939 -0.180374
-0.311841 0.446183 -0.199812
-0.35506 0.428224 -0.144621
-0.371514 0.434009 -0.106722
-0.342093 0.457832 -0.123539
-0.196812 0.414497 -0.346595
-0.163824 0.433359 -0.357608
-0.127715 0.447648 -0.362303
-0.092526 0.461881 -0.366901
-0.151093 0.464232 -0.333402
-0.176386 0.484202 -0.308178
-0.13916 0.497315 -0.312244
-0.05716 0.4747 -0.369267
-0.022318 0.486352 -0.370355
0.011826 0.498227 -0.372549
-0.0086 0.515524 -0.347882
-0.029938 0.536503 -0.326145
-0.125716 0.529575 -0.290819
-0.10426 0.51371 -0.319911
-0.08184 0.496299 -0.34756
-0.066961 0.525471 -0.322899
-0.050984 0.555079 -0.300487
-0.148158 0.546636 -0.262596
-0.11134 0.562789 -0.270557
-0.071566 0.57223 -0.272941
-0.092668 0.589398 -0.244352
-0.111546 0.599509 -0.210842
-0.33028 0.488256 -0.103171
-0.31482 0.482996 -0.141165
-0.300071 0.477789 -0.179278
-0.282938 0.469893 -0.216488
-0.285526 0.506864 -0.15749
-0.271862 0.536918 -0.136272
-0.256028 0.530803 -0.173166
-0.26061 0.456646 -0.249017
-0.239809 0.443687 -0.282207
-0.217644 0.428708 -0.313624
-0.210574 0.465845 -0.29788
-0.199356 0.500288 -0.277809
-0.224867 0.554354 -0.187773
-0.238567 0.522744 -0.209461
-0.249016 0.489056 -0.228579
-0.217719 0.510614 -0.242363
-0.183179 0.528986 -0.252929
-0.205612 0.579289 -0.161914
-0.187872 0.571396 -0.197407
-0.167297 0.557862 -0.229117
-0.149234 0.583999 -0.203665
-0.128567 0.60552 -0.17589
-0.341543 0.490483 -0.063649
-0.316848 0.517814 -0.082005
-0.287776 0.542592 -0.09885
-0.253044 0.561296 -0.112138
-0.297592 0.542029 -0.059097
-0.306735 0.541695 -0.019584
-0.27984 0.566816 -0.036988
-0.221369 0.583877 -0.125702
-0.18561 0.602135 -0.136002
-0.146403 0.613557 -0.141739
-0.165134 0.624605 -0.109248
-0.181108 0.629061 -0.073881
-0.260567 0.5897 -0.014314
-0.247139 0.586713 -0.051314
-0.23655 0.588053 -0.08915
-0.216799 0.610788 -0.064279
-0.192996 0.626032 -0.037678
-0.268445 0.587302 0.024314
-0.237514 0.606096 0.00894
-0.204403 0.623412 -0.002638
-0.214126 0.619573 0.031904
-0.224586 0.619495 0.065769
0.089626 0.440194 0.504687
0.122743 0.429038 0.503473
0.146366 0.451754 0.489348
0.132741 0.486254 0.475745
0.168825 0.472458 0.469386
0.156371 0.416308 0.502518
0.190895 0.403497 0.503841
0.19092 0.491196 0.445756
0.175419 0.523436 0.426905
0.213571 0.510243 0.421574
0.234994 0.526592 0.393483
0.217898 0.556297 0.370615
0.253881 0.538621 0.361428
0.249186 0.493422 0.412977
0.263262 0.460826 0.433421
0.286889 0.479202 0.407636
0.224771 0.387796 0.499563
0.218168 0.426553 0.487988
0.206771 0.461974 0.469765
0.242747 0.446113 0.463851
0.274685 0.425898 0.451659
0.258399 0.370833 0.493145
0.284258 0.39003 0.469298
0.309707 0.409117 0.444117
0.290181 0.351575 0.482289
0.322096 0.332173 0.470633
0.276109 0.555326 0.333506
0.258109 0.583531 0.309189
0.295368 0.566841 0.30088
0.311954 0.574614 0.266701
0.293258 0.600455 0.241998
0.331315 0.586572 0.235115
0.327815 0.54475 0.287972
0.345989 0.517647 0.311593
0.363877 0.527759 0.277583
0.346289 0.592034 0.200047
0.323624 0.610746 0.173927
0.355985 0.590752 0.164086
0.36424 0.589011 0.129219
0.343767 0.607854 0.107835
0.372318 0.589133 0.094912
0.384853 0.568178 0.150026
0.408007 0.54901 0.171366
0.413154 0.547718 0.132621
0.395557 0.505939 0.262666
0.379338 0.5351 0.242255
0.364752 0.565723 0.222866
0.396499 0.544925 0.208578
0.429026 0.524994 0.192622
0.409292 0.474215 0.281787
0.427023 0.484604 0.247374
0.444267 0.494448 0.211948
0.454089 0.499225 0.172543
0.453997 0.460366 0.228517
0.470251 0.430131 0.24833
0.478719 0.434616 0.208532
0.350784 0.311201 0.45405
0.349128 0.351231 0.446057
0.342834 0.389682 0.432423
0.330806 0.423755 0.412726
0.370878 0.367072 0.414847
0.400973 0.346273 0.399689
0.395356 0.383706 0.386647
0.321041 0.459877 0.396365
0.30811 0.494064 0.377081
0.290458 0.522458 0.353109
0.325137 0.503649 0.342269
0.360348 0.485586 0.331599
0.417417 0.398172 0.354712
0.386938 0.420315 0.371006
0.35183 0.438128 0.381567
0.372852 0.452227 0.350157
0.391894 0.463903 0.316646
0.441605 0.372981 0.3338
0.433277 0.408119 0.317981
0.422055 0.441682 0.300424
0.454229 0.42087 0.285236
0.480329 0.3957 0.265276
0.38198 0.291284 0.441034
0.408686 0.309704 0.415294
0.42968 0.324634 0.382743
0.410654 0.270346 0.424554
0.434318 0.248497 0.403164
0.450248 0.338172 0.350071
0.471806 0.351315 0.317415
0.487274 0.360245 0.28025
0.505849 0.370721 0.245374
0.497187 0.326598 0.297364
0.501049 0.290613 0.310881
0.51904 0.300248 0.275909
0.46283 0.228409 0.387937
0.458969 0.265217 0.375675
0.454255 0.301348 0.362489
0.479704 0.278651 0.343338
0.503013 0.255003 0.323149
0.486616 0.207278 0.368309
0.506072 0.220554 0.336089
0.528253 0.231012 0.305367
0.504231 0.185581 0.345182
0.524291 0.164147 0.32578
0.396711 0.573313 0.075716
0.419992 0.556245 0.054843
0.439862 0.534308 0.032816
0.420878 0.554142 0.094437
0.442148 0.53021 0.113705
0.45395 0.506898 0.011119
0.469237 0.480169 -0.011337
0.484314 0.452997 -0.034195
0.496943 0.423971 -0.056447
0.495064 0.454461 0.005905
0.497612 0.451626 0.047336
0.514208 0.423807 0.024626
0.457462 0.500761 0.132158
0.46521 0.506823 0.092214
0.463938 0.508995 0.050854
0.480596 0.478548 0.06966
0.494429 0.44671 0.088052
0.471463 0.470142 0.150422
0.494957 0.445193 0.129207
0.511848 0.41634 0.106734
0.487913 0.440177 0.169353
0.500997 0.407596 0.187394
0.508694 0.394384 -0.078607
0.522854 0.365882 -0.100896
0.530477 0.334049 -0.121756
0.531697 0.300819 -0.140352
0.53605 0.332205 -0.08106
0.548367 0.332384 -0.041956
0.551946 0.299389 -0.062358
0.53762 0.269388 -0.159497
0.536161 0.236877 -0.176032
0.532254 0.205177 -0.191312
0.527173 0.174382 -0.206422
0.545962 0.20351 -0.157503
0.554288 0.200835 -0.12116
0.552804 0.168173 -0.141043
0.564274 0.264826 -0.043634
0.560855 0.267859 -0.083671
0.549523 0.268992 -0.122062
0.561636 0.234241 -0.103457
0.564149 0.198044 -0.084281
0.570891 0.262636 -0.004322
0.571168 0.228761 -0.025282
0.569261 0.195167 -0.045934
0.569234 0.161681 -0.067443
0.574792 0.192064 -0.007222
0.579075 0.188984 0.032011
0.574623 0.155205 0.010509
0.519894 0.37888 0.20727
0.525184 0.38225 0.166325
0.527103 0.384625 0.125429
0.530523 0.3889 0.084541
0.541844 0.352537 0.143785
0.554022 0.318871 0.161711
0.557462 0.322258 0.121465
0.526751 0.390024 0.04346
0.523909 0.39252 0.002467
0.517498 0.393905 -0.038228
0.539467 0.364213 -0.020128
0.553527 0.33021 -0.001028
0.565638 0.289487 0.098475
0.560917 0.325976 0.080463
0.547235 0.360009 0.061847
0.555608 0.327445 0.039576
0.562378 0.294844 0.017724
0.576313 0.25448 0.116056
0.572857 0.256607 0.076098
0.57594 0.2603 0.035841
0.580419 0.223221 0.053961
0.578328 0.186094 0.071428
0.532418 0.345426 0.225666
0.550239 0.315395 0.202491
0.558266 0.282816 0.178372
0.536988 0.308828 0.240797
0.544073 0.274343 0.256806
0.573797 0.251439 0.156329
0.580364 0.217414 0.133336
0.577779 0.183178 0.110736
0.581761 0.148961 0.089035
0.575353 0.180259 0.149666
0.571311 0.177655 0.187993
0.57721 0.143396 0.166768
0.548592 0.238786 0.272074
0.560552 0.243943 0.23416
0.563607 0.247112 0.194692
0.566679 0.210965 0.210323
0.561729 0.174646 0.224658
0.545623 0.202721 0.283718
0.552558 0.171561 0.260421
0.557073 0.138895 0.23983
0.541155 0.168421 0.294662
0.538833 0.134905 0.30777
0.541533 0.102534 0.292255
0.55134 0.103569 0.256758
0.560545 0.105033 0.220956
0.536782 0.070974 0.274391
0.533386 0.038581 0.257361
0.571142 0.106367 0.18406
0.574102 0.1091 0.145221
0.576315 0.111839 0.106483
0.580088 0.114341 0.06705
0.56722 0.075795 0.123974
0.560583 0.039452 0.142655
0.566113 0.041312 0.102952
0.53001 0.004827 0.239767
0.546305 0.037321 0.220118
0.556061 0.071953 0.200823
0.551443 0.038738 0.18098
0.545078 0.005648 0.160905
0.519836 -0.026633 0.219388
0.526974 -0.02628 0.179359
0.535285 -0.026355 0.139837
0.50927 -0.057737 0.198842
0.501328 -0.090831 0.178643
0.575842 0.117958 0.027654
0.573165 0.121255 -0.011373
0.570795 0.124494 -0.050717
0.560777 0.128631 -0.088247
0.563804 0.088502 -0.033213
0.562649 0.051621 -0.016867
0.553027 0.056747 -0.055486
0.551217 0.132633 -0.124834
0.543933 0.136252 -0.161478
0.530244 0.141067 -0.195194
0.513563 0.147126 -0.226089
0.527181 0.107729 -0.18192
0.526042 0.073182 -0.169499
0.51612 0.080418 -0.206991
0.54219 0.025643 -0.078653
0.550077 0.060654 -0.095055
0.550459 0.096961 -0.109819
0.541671 0.065897 -0.133778
0.52437 0.037771 -0.15656
0.535564 -0.009559 -0.062288
0.526928 -0.003376 -0.1019
0.516663 0.003624 -0.140896
0.506666 0.011372 -0.179992
0.510727 -0.031288 -0.125592
0.504289 -0.06656 -0.109791
0.491936 -0.057832 -0.14889
0.48675 -0.120358 0.156128
0.51054 -0.09178 0.137697
0.526338 -0.05858 0.118434
0.54147 -0.025375 0.099715
0.511894 -0.088405 0.096262
0.497594 -0.118022 0.073886
0.519279 -0.088133 0.055453
0.556796 0.008393 0.081114
0.563355 0.045031 0.063039
0.56975 0.08136 0.045343
0.564623 0.04796 0.023237
0.55624 0.015148 0.00052
0.519298 -0.084067 0.013753
0.533168 -0.053988 0.036706
0.541174 -0.021629 0.059218
0.54178 -0.018493 0.018676
0.539781 -0.014507 -0.021938
0.498756 -0.109854 -0.008588
0.514648 -0.078003 -0.027079
0.528991 -0.045204 -0.045382
0.513883 -0.07423 -0.069146
0.491131 -0.098734 -0.091405
0.470443 -0.148065 0.133295
0.478925 -0.148921 0.092359
0.481035 -0.146334 0.050711
0.458238 -0.180127 0.110677
0.442396 -0.206499 0.088183
0.484504 -0.143241 0.009849
0.485719 -0.138608 -0.032029
0.478093 -0.130179 -0.072993
0.472976 -0.12517 -0.114755
0.466103 -0.163896 -0.055377
0.447154 -0.190581 -0.036136
0.439865 -0.181999 -0.07546
0.421018 -0.244803 0.064697
0.44543 -0.206767 0.044389
0.464501 -0.173534 0.028235
0.447569 -0.206543 -0.00161
0.425516 -0.220575 -0.020112
0.398037 -0.231583 0.046444
0.397505 -0.219224 0.008745
0.392628 -0.214634 -0.031022
0.371782 -0.225869 0.031028
0.34506 -0.216483 0.017555
0.499167 0.126853 -0.250212
0.480021 0.107214 -0.273032
0.454897 0.088597 -0.292138
0.501491 0.091361 -0.242856
0.498304 0.056017 -0.231135
0.429536 0.069569 -0.312055
0.403216 0.050542 -0.331875
0.373849 0.032007 -0.34894
0.344224 0.013652 -0.36609
0.400317 0.011061 -0.324116
0.423862 -0.007651 -0.294065
0.392728 -0.025689 -0.310002
0.490023 0.022313 -0.216119
0.473253 0.034782 -0.251609
0.452152 0.051181 -0.283054
0.449538 0.013585 -0.273031
0.441326 -0.021858 -0.25815
0.489037 -0.014562 -0.204751
0.463293 -0.037367 -0.225698
0.433358 -0.056719 -0.242939
0.48159 -0.049965 -0.189292
0.468586 -0.081635 -0.170636
0.310922 -0.003352 -0.378462
0.279348 -0.019782 -0.393128
0.246277 -0.034231 -0.404134
0.209184 -0.051499 -0.413412
0.272834 -0.065495 -0.386778
0.295089 -0.084077 -0.362716
0.260596 -0.081747 -0.35539
0.17417 -0.047566 -0.401892
0.139572 -0.046811 -0.393415
0.10497 -0.046249 -0.384562
0.074138 -0.036292 -0.37248
0.129546 -0.054339 -0.359893
0.150722 -0.071894 -0.337088
0.114992 -0.06641 -0.330001
0.246308 -0.097837 -0.324447
0.22334 -0.082091 -0.352099
0.199953 -0.067005 -0.378838
0.186201 -0.081161 -0.347022
0.172835 -0.085502 -0.311701
0.268919 -0.113738 -0.296061
0.230641 -0.106071 -0.290818
0.193072 -0.105812 -0.287669
0.155212 -0.100107 -0.282493
0.213583 -0.119193 -0.259447
0.234989 -0.120373 -0.227797
0.196336 -0.123592 -0.226313
0.461801 -0.117586 -0.155452
0.443044 -0.105449 -0.191382
0.426115 -0.093359 -0.228377
0.407286 -0.079887 -0.264269
0.416278 -0.125559 -0.210563
0.403338 -0.164143 -0.194863
0.386899 -0.153815 -0.226607
0.383415 -0.062078 -0.294697
0.363899 -0.046149 -0.328876
0.339497 -0.026158 -0.357742
0.332574 -0.063072 -0.344409
0.323233 -0.103776 -0.330954
0.347178 -0.146998 -0.23359
0.366316 -0.137616 -0.266859
0.377759 -0.098139 -0.281269
0.344974 -0.125932 -0.301514
0.306762 -0.1155 -0.297321
0.327301 -0.152207 -0.200816
0.308785 -0.142865 -0.234406
0.290198 -0.124023 -0.264404
0.272157 -0.129926 -0.231272
0.254423 -0.129443 -0.197281
0.449924 -0.14932 -0.136791
0.419961 -0.177161 -0.152451
0.381808 -0.169829 -0.163401
0.430998 -0.174303 -0.114552
0.409788 -0.202375 -0.098318
0.344043 -0.163816 -0.167401
0.307611 -0.153669 -0.168117
0.272288 -0.139839 -0.166365
0.234378 -0.139926 -0.16609
0.289604 -0.148039 -0.134407
0.30315 -0.163519 -0.103923
0.26781 -0.152881 -0.102759
0.384068 -0.205069 -0.067194
0.373128 -0.187952 -0.099143
0.358626 -0.179386 -0.135378
0.336481 -0.18094 -0.104451
0.316166 -0.177828 -0.073545
0.35936 -0.209721 -0.041045
0.325987 -0.196467 -0.045105
0.294605 -0.177961 -0.042561
0.336408 -0.207495 -0.013995
0.314519 -0.205405 0.012669
0.282368 -0.207307 0.011913
0.270145 -0.196261 -0.017475
0.259612 -0.173345 -0.042443
0.250136 -0.20544 0.01365
0.218648 -0.19475 0.018985
0.245599 -0.16424 -0.073388
0.230839 -0.151054 -0.102557
0.214856 -0.144782 -0.133641
0.196615 -0.139442 -0.164756
0.194723 -0.14224 -0.099179
0.174443 -0.152957 -0.067914
0.157666 -0.149934 -0.100595
0.186413 -0.18534 0.023706
0.204524 -0.180172 -0.010011
0.224729 -0.168333 -0.040147
0.18914 -0.171957 -0.040998
0.153474 -0.170911 -0.039312
0.150477 -0.186566 0.025071
0.134284 -0.17521 -0.005213
0.118955 -0.160158 -0.034979
0.117814 -0.173426 0.029716
0.090594 -0.150129 0.035551
0.178844 -0.123382 -0.192646
0.158437 -0.11772 -0.222233
0.137986 -0.10603 -0.250133
0.119541 -0.088408 -0.275311
0.122612 -0.105057 -0.2173
0.103704 -0.112602 -0.186529
0.086148 -0.094407 -0.212438
0.096849 -0.080328 -0.302465
0.077205 -0.061192 -0.324516
0.060088 -0.037938 -0.343483
0.041184 -0.021242 -0.365882
0.042468 -0.04654 -0.317618
0.025444 -0.053265 -0.29032
0.00411 -0.044027 -0.31834
0.049683 -0.083279 -0.207553
0.067605 -0.076441 -0.237773
0.081312 -0.081164 -0.270359
0.045443 -0.068284 -0.264996
0.008951 -0.056333 -0.261153
0.033214 -0.085484 -0.176228
0.011625 -0.076172 -0.204448
-0.008045 -0.060874 -0.231177
-0.024801 -0.038776 -0.256241
-0.023135 -0.059834 -0.19993
-0.038402 -0.061059 -0.167877
-0.057597 -0.043879 -0.194079
0.057408 -0.137583 0.039372
0.075063 -0.136749 0.005056
0.090314 -0.138904 -0.029596
0.102733 -0.148299 -0.06466
0.056829 -0.127189 -0.026334
0.021886 -0.116995 -0.023564
0.038901 -0.113444 -0.056435
0.119915 -0.150842 -0.099864
0.14011 -0.142106 -0.131015
0.160263 -0.128543 -0.160378
0.123969 -0.1206 -0.15662
0.087642 -0.112228 -0.15329
0.016627 -0.1154 -0.088131
0.053726 -0.118567 -0.089726
0.085446 -0.1363 -0.094949
0.070717 -0.114845 -0.121326
0.051545 -0.102323 -0.150023
-0.017171 -0.100498 -0.084503
-0.003876 -0.105451 -0.118436
0.012938 -0.100497 -0.149439
-0.021073 -0.082895 -0.143238
-0.058509 -0.077669 -0.142691
0.021778 -0.144609 0.036266
0.004769 -0.13229 0.005196
-0.014294 -0.125946 -0.02637
-0.013542 -0.145926 0.034245
-0.046565 -0.133324 0.03694
-0.034554 -0.115351 -0.056097
-0.053906 -0.097238 -0.083629
-0.07406 -0.083341 -0.111416
-0.09575 -0.069805 -0.139371
-0.086821 -0.082191 -0.078586
-0.101456 -0.08912 -0.0485
-0.122742 -0.075281 -0.075283
-0.075706 -0.115152 0.041512
-0.060965 -0.112539 0.009458
-0.049779 -0.12016 -0.025055
-0.082661 -0.107183 -0.021304
-0.114659 -0.09349 -0.018061
-0.109195 -0.110412 0.040431
-0.126264 -0.092734 0.013051
-0.15074 -0.090494 -0.014758
-0.139732 -0.099065 0.042134
-0.167307 -0.081818 0.046748
-0.19942 -0.07713 0.056045
-0.190144 -0.071528 0.025493
-0.181216 -0.072251 -0.006283
-0.172165 -0.075039 -0.039094
-0.212909 -0.059141 0.004889
-0.24514 -0.049783 0.018576
-0.238602 -0.055807 -0.017787
-0.159082 -0.068695 -0.071516
-0.142114 -0.054479 -0.098768
-0.128896 -0.050895 -0.130816
-0.113165 -0.045707 -0.162229
-0.158265 -0.027373 -0.118937
-0.197009 -0.01941 -0.111797
-0.181275 -0.012437 -0.145243
-0.262287 -0.044754 -0.041
-0.227494 -0.050469 -0.052271
-0.191212 -0.053456 -0.060749
-0.212825 -0.037379 -0.083829
-0.235417 -0.032089 -0.110556
-0.294947 -0.033581 -0.026864
-0.285181 -0.033332 -0.064504
-0.273178 -0.032929 -0.101766
-0.257966 -0.025036 -0.137525
-0.309185 -0.025218 -0.0897
-0.344073 -0.018927 -0.076254
-0.330975 -0.009396 -0.11358
-0.093921 -0.032338 -0.190019
-0.078045 -0.030338 -0.222274
-0.059937 -0.023122 -0.2528
-0.047764 -0.032293 -0.285783
-0.097934 -0.016107 -0.249592
-0.134868 -0.00682 -0.246199
-0.119357 -0.010609 -0.280123
-0.031952 -0.033107 -0.31702
-0.012936 -0.025565 -0.344422
0.006675 -0.015779 -0.369321
-0.026371 -0.002295 -0.370223
-0.062544 0.001651 -0.373977
-0.137747 0.003728 -0.309441
-0.101005 -0.004826 -0.311995
-0.0648 -0.014021 -0.313082
-0.082382 -0.000944 -0.343027
-0.099452 0.008865 -0.374888
-0.175507 0.004952 -0.307258
-0.156547 0.009527 -0.341113
-0.134662 0.020996 -0.372451
-0.172891 0.025701 -0.37086
-0.209953 0.035911 -0.36624
-0.353544 0.000792 -0.139488
-0.317227 -0.003865 -0.151179
-0.280377 -0.008591 -0.161568
-0.242462 -0.004824 -0.167543
-0.30295 -0.003975 -0.189808
-0.324312 0.007482 -0.217801
-0.286319 0.003874 -0.225766
-0.20412 -0.003806 -0.173196
-0.169423 -0.018805 -0.181028
-0.132692 -0.028753 -0.187137
-0.153528 -0.01602 -0.214899
-0.171983 0.002336 -0.241726
-0.26896 0.008926 -0.261718
-0.248427 -0.000181 -0.232324
-0.226503 0.003655 -0.202179
-0.210619 -0.000399 -0.238009
-0.193022 0.004688 -0.272346
-0.286926 0.026791 -0.288456
-0.250483 0.017244 -0.297477
-0.21228 0.012383 -0.302587
-0.228743 0.030734 -0.329726
-0.242617 0.053954 -0.354578
-0.389665 0.004645 -0.126734
-0.374043 0.014022 -0.165943
-0.360617 0.016531 -0.206241
-0.341805 0.027621 -0.242976
-0.392059 0.032595 -0.190333
-0.42632 0.037394 -0.179421
-0.401623 0.061734 -0.208659
-0.32096 0.040296 -0.277011
-0.300465 0.052362 -0.312041
-0.27721 0.067484 -0.344491
-0.311982 0.077699 -0.330955
-0.331379 0.104666 -0.305024
-0.402084 0.095258 -0.220852
-0.381919 0.073002 -0.245315
-0.361119 0.04399 -0.269028
-0.354994 0.088268 -0.27466
-0.353118 0.123766 -0.282303
-0.41511 0.119743 -0.193649
-0.396836 0.131069 -0.228691
-0.374593 0.144692 -0.259768
-0.39041 0.164959 -0.23517
-0.403508 0.186101 -0.21056
-0.226355 -0.069607 0.073093
-0.251539 -0.057206 0.054271
-0.278322 -0.053551 0.031691
-0.254488 -0.069733 0.08887
-0.283745 -0.070985 0.105252
-0.303923 -0.041905 0.010167
-0.329392 -0.03193 -0.012782
-0.355669 -0.030543 -0.03872
-0.380915 -0.018155 -0.063262
-0.363552 -0.03321 0.001556
-0.370276 -0.045516 0.039983
-0.397529 -0.032972 0.017309
-0.313067 -0.076199 0.121137
-0.313089 -0.061669 0.084981
-0.310177 -0.051895 0.047313
-0.341454 -0.050794 0.063932
-0.373434 -0.051777 0.080834
-0.343668 -0.082353 0.137752
-0.375511 -0.0692 0.117852
-0.403217 -0.048014 0.098891
-0.371663 -0.075018 0.158656
-0.397329 -0.063346 0.179814
-0.402704 -0.001716 -0.086772
-0.429703 0.00731 -0.114645
-0.441808 0.032366 -0.133263
-0.441177 0.076697 -0.14862
-0.444441 0.040859 -0.089524
-0.456295 0.034787 -0.048524
-0.459623 0.068654 -0.066815
-0.438041 0.11186 -0.161171
-0.428297 0.147781 -0.169685
-0.420608 0.181487 -0.179343
-0.415557 0.214216 -0.191077
-0.436139 0.178044 -0.146236
-0.453901 0.175658 -0.11316
-0.443341 0.21091 -0.126417
-0.467036 0.101728 -0.042724
-0.460031 0.104257 -0.083331
-0.453329 0.106895 -0.124077
-0.457432 0.14 -0.098182
-0.467547 0.173351 -0.07656
-0.472107 0.098583 -0.001995
-0.474028 0.134584 -0.019941
-0.473045 0.171084 -0.036985
-0.469207 0.207856 -0.054196
-0.480362 0.168997 0.00201
-0.484935 0.166736 0.042417
-0.477025 0.203439 0.024467
-0.418367 -0.054361 0.204579
-0.431828 -0.053105 0.159815
-0.43932 -0.053213 0.119213
-0.437794 -0.04177 0.078064
-0.443381 -0.010731 0.140321
-0.448127 0.020117 0.159954
-0.457633 0.021435 0.119656
-0.429396 -0.025527 0.035367
-0.422329 -0.016801 -0.005486
-0.41535 -0.012261 -0.047487
-0.453251 -0.009924 -0.028093
-0.461814 0.030735 -0.00638
-0.470106 0.056972 0.099549
-0.46596 0.022676 0.077815
-0.455302 -0.009811 0.055718
-0.465093 0.026535 0.035369
-0.467881 0.061663 0.01637
-0.474028 0.090287 0.12041
-0.473579 0.093209 0.079579
-0.476681 0.095315 0.038797
-0.483291 0.129081 0.060999
-0.480649 0.164108 0.082716
-0.420246 -0.010852 0.219735
-0.437731 0.020303 0.199663
-0.453076 0.054394 0.179885
-0.42727 0.020967 0.239325
-0.432128 0.053927 0.258547
-0.469408 0.088095 0.161263
-0.476603 0.124924 0.14154
-0.474005 0.161616 0.122033
-0.475922 0.198539 0.103869
-0.47002 0.159522 0.161437
-0.460729 0.157187 0.199266
-0.462088 0.193433 0.181231
-0.430144 0.087774 0.274887
-0.442581 0.087489 0.23707
-0.456415 0.087552 0.199766
-0.45326 0.121738 0.217646
-0.45363 0.155173 0.23736
-0.424937 0.120713 0.289376
-0.43949 0.153471 0.272602
-0.446095 0.188792 0.255768
-0.421535 0.152423 0.304515
-0.413879 0.183308 0.318246
-0.404471 0.211118 0.340135
-0.420236 0.216457 0.308277
-0.430689 0.22018 0.273404
-0.443893 0.223824 0.238604
-0.420366 0.250462 0.29606
-0.402739 0.277403 0.318645
-0.414107 0.283747 0.281303
-0.45298 0.226835 0.201633
-0.465199 0.230435 0.164766
-0.472445 0.233398 0.125721
-0.471749 0.23536 0.085804
-0.460469 0.2667 0.147101
-0.448068 0.298928 0.168977
-0.458749 0.303366 0.130374
-0.409864 0.318327 0.267227
-0.431985 0.291012 0.246728
-0.446014 0.259788 0.224188
-0.443411 0.29593 0.208592
-0.433412 0.330044 0.191168
-0.392522 0.346042 0.290902
-0.402329 0.352331 0.251512
-0.41752 0.359964 0.214303
-0.425474 0.364705 0.174366
-0.398072 0.388329 0.237284
-0.37081 0.412144 0.257055
-0.387188 0.422248 0.220013
-0.475091 0.237961 0.046304
-0.47328 0.240086 0.006312
-0.463483 0.241222 -0.032178
-0.45646 0.243113 -0.070486
-0.463546 0.276259 -0.011933
-0.455582 0.309666 0.009649
-0.44658 0.30971 -0.029365
-0.443786 0.243878 -0.1066
-0.430765 0.244809 -0.141744
-0.421195 0.245662 -0.177307
-0.420074 0.277498 -0.161063
-0.414933 0.308858 -0.143522
-0.432566 0.343238 -0.048562
-0.442452 0.311612 -0.069084
-0.446197 0.277953 -0.088588
-0.432237 0.31169 -0.107871
-0.409773 0.341147 -0.125569
-0.427312 0.377284 -0.028988
-0.412433 0.373996 -0.067116
-0.401259 0.372392 -0.106153
-0.394408 0.40521 -0.087235
-0.380882 0.434773 -0.066112
-0.371205 0.452423 0.200743
-0.395929 0.427574 0.179386
-0.414451 0.398407 0.156711
-0.43555 0.370718 0.135071
-0.399851 0.430451 0.138376
-0.38455 0.462184 0.119581
-0.406352 0.435773 0.097469
-0.452986 0.340077 0.112596
-0.461082 0.306071 0.089945
-0.467707 0.272192 0.068111
-0.458074 0.307776 0.049855
-0.446155 0.342254 0.031281
-0.404299 0.436946 0.055531
-0.420568 0.404827 0.074959
-0.438053 0.373582 0.093795
-0.433664 0.373764 0.053062
-0.434663 0.377175 0.01187
-0.380746 0.464248 0.036488
-0.395849 0.435089 0.014899
-0.414546 0.40824 -0.007395
-0.389171 0.435142 -0.025762
-0.368799 0.465076 -0.045642
-0.347711 0.478442 0.222794
-0.359079 0.485527 0.182915
-0.361842 0.487266 0.141184
-0.362975 0.489011 0.099832
-0.340049 0.513757 0.162912
-0.311106 0.534443 0.182783
-0.316107 0.535748 0.14226
-0.361412 0.490148 0.058575
-0.359765 0.493002 0.017247
-0.354343 0.494232 -0.024189
-0.334157 0.518164 -0.001622
-0.31338 0.540639 0.020583
-0.294881 0.559984 0.122326
-0.32302 0.542403 0.102178
-0.345489 0.518672 0.080344
-0.321975 0.543828 0.060656
-0.293493 0.563238 0.042132
-0.267421 0.578789 0.141431
-0.27339 0.582698 0.102758
-0.271299 0.582624 0.063359
-0.251015 0.604125 0.083694
-0.226129 0.620244 0.10293
-0.385976 0.231547 0.362329
-0.384904 0.266415 0.352812
-0.378249 0.299983 0.338803
-0.362495 0.250541 0.381752
-0.34333 0.270667 0.40637
-0.376477 0.336054 0.327822
-0.369361 0.37128 0.313062
-0.355883 0.40291 0.294493
-0.342264 0.434301 0.275998
-0.339387 0.391953 0.331111
-0.322939 0.379677 0.367142
-0.311973 0.414038 0.350449
-0.317474 0.290132 0.426789
-0.338991 0.308409 0.395896
-0.354427 0.321894 0.359808
-0.328947 0.343084 0.380064
-0.303206 0.364286 0.400767
-0.286011 0.307438 0.441058
-0.27794 0.34452 0.427338
-0.272549 0.383624 0.417533
-0.255285 0.325194 0.455997
-0.223273 0.342952 0.470263
-0.329314 0.466621 0.258082
-0.317138 0.499599 0.241301
-0.299956 0.528029 0.221494
-0.278582 0.551161 0.200118
-0.289207 0.522866 0.260548
-0.272552 0.51243 0.296742
-0.257009 0.544009 0.277431
-0.257162 0.57356 0.178626
-0.23731 0.596901 0.158142
-0.21636 0.617805 0.137179
-0.193176 0.631932 0.114423
-0.202801 0.610614 0.169809
-0.191362 0.609593 0.205072
-0.168003 0.625759 0.178379
-0.21934 0.558281 0.288805
-0.235855 0.56842 0.253944
-0.247594 0.571562 0.21634
-0.212133 0.586426 0.228804
-0.176341 0.602666 0.23919
-0.200278 0.544333 0.320774
-0.182564 0.57332 0.299084
-0.160962 0.595839 0.273338
-0.137615 0.612676 0.245178
-0.145141 0.589166 0.308534
-0.126084 0.575383 0.340435
-0.104669 0.597476 0.313037
-0.188178 0.358158 0.478894
-0.214839 0.380399 0.456711
-0.237582 0.399644 0.428192
-0.261999 0.419657 0.401413
-0.20653 0.419007 0.444278
-0.171297 0.435253 0.454897
-0.193194 0.453314 0.425426
-0.281702 0.43469 0.367962
-0.297041 0.445321 0.331177
-0.313684 0.456606 0.295018
-0.283699 0.478018 0.312927
-0.254296 0.500179 0.330785
-0.17811 0.485467 0.405155
-0.215562 0.471635 0.397119
-0.249201 0.453211 0.383123
-0.237455 0.488841 0.366715
-0.220286 0.519074 0.345028
-0.143971 0.503791 0.418266
-0.163752 0.519244 0.386818
-0.181886 0.531884 0.353706
-0.144985 0.54715 0.363291
-0.106278 0.559403 0.370116
-0.154352 0.374234 0.48941
-0.145912 0.41261 0.477573
-0.133658 0.4473 0.459338
-0.120057 0.389497 0.498315
-0.086091 0.404902 0.507675
-0.120855 0.482954 0.443461
-0.105713 0.517247 0.425509
-0.08678 0.544929 0.401046
-0.066517 0.568697 0.374714
-0.065874 0.525297 0.427292
-0.045431 0.506865 0.454413
-0.027091 0.536911 0.4334
-0.05037 0.417219 0.510545
-0.075584 0.441877 0.493178
-0.098424 0.462707 0.468515
-0.060857 0.473648 0.471812
-0.023592 0.48388 0.475439
-0.01583 0.429084 0.513621
-0.00222 0.461011 0.494834
0.01483 0.490772 0.476069
0.018902 0.439642 0.515435
0.053672 0.445322 0.511279
0.0727 0.468754 0.493417
0.053876 0.493253 0.474983
0.03431 0.517906 0.455945
0.09359 0.493951 0.477797
0.115036 0.515169 0.455654
0.013928 0.541666 0.43431
-0.006239 0.559709 0.406699
-0.02629 0.577568 0.378985
-0.046533 0.595462 0.350281
0.014846 0.580829 0.379634
0.0558 0.587461 0.383859
0.03592 0.602129 0.352541
0.135488 0.531156 0.427905
0.095482 0.537971 0.430629
0.05474 0.539604 0.430971
0.076168 0.565524 0.410316
0.097895 0.58562 0.38324
0.157315 0.551669 0.404021
0.137936 0.575236 0.377757
0.11833 0.598539 0.351371
0.178524 0.568372 0.375719
0.197748 0.57896 0.343119
-0.065009 0.606496 0.317261
-0.082794 0.6165 0.284293
-0.100916 0.627901 0.251933
-0.11647 0.632693 0.217235
-0.061919 0.638392 0.256135
-0.021503 0.641359 0.256969
-0.040045 0.652444 0.223884
-0.131169 0.636111 0.182936
-0.146857 0.64244 0.150338
-0.160089 0.64254 0.117043
-0.127682 0.657742 0.119286
-0.091964 0.666976 0.120265
-0.019602 0.666924 0.191549
-0.05705 0.656389 0.188822
-0.094526 0.647211 0.186471
-0.074368 0.662031 0.154623
-0.054774 0.671231 0.120547
0.019631 0.670843 0.192282
0.000335 0.680961 0.157812
-0.018239 0.68216 0.121455
0.020335 0.685487 0.121605
0.058907 0.681606 0.121008
0.217842 0.592722 0.312542
0.179815 0.606824 0.318947
0.139211 0.615307 0.322168
0.097939 0.616008 0.32135
0.159681 0.628643 0.290048
0.177986 0.634308 0.25488
0.138369 0.641868 0.257352
0.057205 0.620535 0.32353
0.016206 0.617837 0.322153
-0.024709 0.614824 0.320888
-0.003435 0.633075 0.29122
0.01744 0.651832 0.260654
0.118357 0.657469 0.225476
0.098549 0.647699 0.259212
0.078439 0.638186 0.293441
0.05839 0.654296 0.261436
0.038739 0.661638 0.226446
0.138061 0.666798 0.191119
0.098514 0.672305 0.192434
0.058871 0.669593 0.191775
0.078471 0.678413 0.156801
0.097478 0.679146 0.120548
0.237021 0.603753 0.280284
0.216988 0.624791 0.25184
0.196976 0.644738 0.221972
0.254717 0.611358 0.246551
0.271923 0.6188 0.21319
0.175845 0.656226 0.188532
0.155946 0.667945 0.15479
0.135793 0.67464 0.11986
0.174226 0.67109 0.119402
0.211103 0.660926 0.117896
0.287329 0.623406 0.179242
0.252107 0.638682 0.183924
0.214988 0.651206 0.187227
0.230739 0.650123 0.151357
0.248081 0.654962 0.116945
0.302871 0.628741 0.146224
0.284151 0.645853 0.115503
0.316648 0.629762 0.11265
