0.017198 0.240918 0.449234
-0.009593 -0.293223 0.417239
0.011132 0.297235 -0.414297
-0.015888 -0.237579 -0.451017
0.289046 0.419423 0.025870
-0.244176 0.446703 0.030823
0.247708 -0.444836 -0.029578
-0.290786 -0.418320 -0.023861
0.435142 -0.036892 0.263480
-0.430801 0.007307 0.272909
0.432068 -0.001893 -0.270977
-0.435260 0.041798 -0.262518
0.250314 -0.194099 0.399526
0.004305 -0.030524 0.508921
0.265401 0.119463 0.418642
0.139643 -0.434161 0.227967
0.401322 -0.282741 0.137716
-0.176291 -0.418628 0.231570
-0.025107 -0.508258 -0.031706
-0.259273 -0.168423 0.405413
-0.424511 -0.241307 0.146715
-0.242755 0.145427 0.424135
0.026423 0.508111 0.033116
-0.137201 0.436402 -0.225166
0.176485 0.420506 -0.228008
0.423220 0.245336 -0.143684
0.260174 0.173188 -0.402847
0.245132 -0.140829 -0.424315
-0.002748 0.035507 -0.508623
-0.265699 -0.115390 -0.419587
-0.248897 0.198770 -0.398131
-0.398949 0.286919 -0.135917
0.179890 0.387261 0.278621
0.425080 0.224682 0.169692
0.509315 -0.023318 -0.004132
0.399573 -0.262525 -0.177166
0.136126 -0.401793 -0.282833
-0.180449 -0.386222 -0.279679
-0.427205 -0.221204 -0.168904
-0.509036 0.028296 0.006135
-0.396546 0.266559 0.177915
-0.133577 0.403370 0.281816
0.118298 -0.255948 0.424846
-0.003155 -0.175207 0.478839
0.137454 -0.112850 0.477835
0.144998 0.041013 0.487097
0.011443 0.116653 0.496245
0.140204 0.190429 0.451743
0.265537 -0.039118 0.433508
0.361158 -0.115914 0.340773
0.368473 0.038671 0.350329
0.063537 -0.374320 0.340356
0.210623 -0.330202 0.326439
0.338797 -0.256151 0.282087
0.435516 -0.159536 0.211831
0.284740 -0.373813 0.197875
0.204133 -0.457229 0.096270
0.333289 -0.382387 0.051818
-0.092044 -0.366629 0.342206
-0.019403 -0.451646 0.235805
0.054763 -0.495532 0.106835
0.123116 -0.493781 -0.031849
-0.100387 -0.487960 0.108539
-0.245814 -0.435111 0.101191
-0.171370 -0.479365 -0.028712
-0.133088 -0.243388 0.427828
-0.234664 -0.308073 0.331647
-0.315788 -0.344022 0.204629
-0.368318 -0.347549 0.059390
-0.356270 -0.221219 0.290000
-0.363300 -0.079120 0.348959
-0.444678 -0.114856 0.221505
-0.137047 -0.098958 0.481034
-0.258311 -0.012507 0.439401
-0.354874 0.075595 0.358231
-0.129174 0.054999 0.490162
-0.110281 0.203247 0.454452
-0.120250 0.494413 0.033096
-0.201033 0.459047 -0.094204
-0.052659 0.496286 -0.104367
0.020848 0.453329 -0.232444
-0.061725 0.377402 -0.337257
0.093177 0.369641 -0.338648
0.100961 0.488465 -0.105739
0.170831 0.479470 0.030415
0.244869 0.436313 -0.098295
0.366414 0.350018 -0.056674
0.314939 0.346853 -0.201168
0.235004 0.311579 -0.328117
0.134336 0.247678 -0.424978
0.356119 0.225578 -0.286817
0.444673 0.119942 -0.218808
0.364236 0.084337 -0.346722
0.356988 -0.070456 -0.357193
0.260043 0.017636 -0.438218
0.138616 0.103968 -0.479525
0.004678 0.179996 -0.477050
0.131065 -0.050124 -0.490192
0.112300 -0.199331 -0.455685
-0.010032 -0.112269 -0.497271
-0.139718 -0.186825 -0.453389
-0.144089 -0.036358 -0.487712
-0.136169 0.117753 -0.477033
-0.116606 0.260274 -0.422673
-0.264987 0.043946 -0.433369
-0.368988 -0.034080 -0.350258
-0.360444 0.120758 -0.339844
-0.434461 0.164322 -0.210319
-0.336916 0.260507 -0.280324
-0.208432 0.333935 -0.324047
-0.281963 0.377064 -0.195678
-0.330033 0.385439 -0.050132
0.098142 0.322471 0.382602
0.239492 0.266301 0.362907
0.317677 0.317777 0.240938
0.246534 0.419854 0.151467
0.367382 0.339824 0.097724
0.359759 0.186442 0.309491
0.447234 0.090624 0.227525
0.449011 0.241208 0.013371
0.490354 0.119731 -0.072023
0.487160 -0.012684 -0.149989
0.491182 0.109582 0.081788
0.488743 -0.031744 0.141901
0.478482 -0.163985 0.064344
0.477682 -0.153973 -0.089795
0.433043 -0.130452 -0.235482
0.424707 -0.281358 -0.020290
0.332382 -0.372519 -0.103659
0.335230 -0.217546 -0.316643
0.206088 -0.285720 -0.368587
0.058346 -0.327999 -0.386013
0.281977 -0.345471 -0.247191
0.202498 -0.441340 -0.155583
0.052755 -0.478194 -0.168850
-0.023369 -0.418337 -0.290517
-0.097609 -0.320329 -0.384517
-0.102617 -0.470593 -0.167254
-0.247987 -0.419188 -0.150909
-0.369652 -0.337701 -0.096398
-0.319592 -0.315668 -0.241168
-0.240221 -0.263660 -0.364336
-0.361205 -0.182852 -0.309911
-0.448468 -0.086127 -0.226822
-0.451010 -0.237512 -0.011228
-0.492446 -0.105109 -0.080094
-0.488825 0.036642 -0.140368
-0.491121 -0.114975 0.074468
-0.486344 0.017846 0.152144
-0.430850 0.135423 0.236694
-0.475807 0.158771 0.091483
-0.477056 0.168739 -0.062560
-0.421908 0.285439 0.021786
-0.328920 0.375350 0.104462
-0.332359 0.221807 0.316701
-0.278683 0.348253 0.247003
-0.199253 0.442736 0.155827
-0.203413 0.288935 0.367550
-0.056579 0.330410 0.384222
0.024560 0.419194 0.289185
-0.050709 0.478443 0.168799
0.102924 0.470495 0.167321
0.051591 -0.277917 0.424427
-0.006592 -0.239217 0.450299
0.061535 -0.214166 0.458639
0.067644 -0.144973 0.484135
0.000514 -0.104661 0.499019
0.072324 -0.071423 0.499619
0.130155 -0.186532 0.456339
0.185694 -0.227713 0.416680
0.197147 -0.154391 0.444145
0.076102 0.004120 0.504143
0.007921 0.044295 0.507873
0.078726 0.079023 0.497533
0.079578 0.150901 0.480504
0.014571 0.183487 0.475562
0.076275 0.218796 0.454257
0.145012 0.117044 0.474621
0.208502 0.080132 0.458340
0.204319 0.156910 0.440011
0.259990 -0.118121 0.422377
0.204145 -0.077412 0.460738
0.142271 -0.036308 0.488272
0.207930 0.001445 0.465541
0.267648 0.040825 0.432051
0.309582 -0.156282 0.373787
0.316565 -0.079137 0.391798
0.320352 0.000460 0.396684
0.320814 0.079513 0.388222
0.365399 -0.039145 0.353492
0.403433 -0.075103 0.302722
0.406918 -0.001035 0.307329
0.025333 -0.334606 0.383971
0.096958 -0.319737 0.385190
0.166975 -0.295966 0.380121
0.234525 -0.265298 0.366856
0.138815 -0.356917 0.336630
0.102280 -0.408285 0.287775
0.178390 -0.387031 0.279883
0.297412 -0.228980 0.345088
0.353434 -0.188318 0.315598
0.400977 -0.144305 0.280031
0.439049 -0.096010 0.240975
0.391737 -0.210795 0.249177
0.373971 -0.273954 0.212321
0.423049 -0.222857 0.177030
0.214798 -0.408472 0.216745
0.250129 -0.356533 0.265081
0.277882 -0.296204 0.308236
0.315867 -0.318514 0.242366
0.347470 -0.331671 0.170957
0.173996 -0.450612 0.163201
0.246702 -0.420457 0.149396
0.313176 -0.381970 0.126486
0.370922 -0.336590 0.095381
0.272824 -0.423284 0.080000
0.228955 -0.454625 0.030446
0.290864 -0.418748 0.009156
-0.049136 -0.330913 0.384862
-0.014638 -0.378529 0.341310
0.023040 -0.417997 0.291076
0.060987 -0.449088 0.233601
-0.057124 -0.414060 0.292007
-0.135156 -0.396586 0.290557
-0.099200 -0.441238 0.235402
0.097411 -0.470592 0.170333
0.130992 -0.481768 0.103523
0.161310 -0.482397 0.035683
0.190211 -0.472120 -0.030935
0.089225 -0.500602 0.037572
0.013857 -0.508210 0.038648
0.050299 -0.506357 -0.032153
-0.139037 -0.459028 0.172990
-0.061105 -0.475133 0.174526
0.018404 -0.479042 0.173610
-0.023086 -0.497679 0.108307
-0.062373 -0.504495 0.039465
-0.213639 -0.431571 0.167554
-0.175085 -0.466784 0.106884
-0.136727 -0.489571 0.040007
-0.099992 -0.499028 -0.030555
-0.206874 -0.464360 0.039657
-0.271771 -0.429990 0.035824
-0.236138 -0.451193 -0.026389
-0.068838 -0.271928 0.425856
-0.118981 -0.309011 0.387768
-0.165431 -0.341841 0.340228
-0.209147 -0.367868 0.284410
-0.186546 -0.278312 0.384324
-0.197662 -0.208515 0.421217
-0.251144 -0.240994 0.372555
-0.248982 -0.385588 0.222021
-0.283528 -0.394304 0.155280
-0.311388 -0.394438 0.086351
-0.330473 -0.388046 0.015809
-0.346600 -0.349217 0.133701
-0.374883 -0.295591 0.178988
-0.400430 -0.298106 0.103724
-0.310828 -0.198350 0.352124
-0.298831 -0.267372 0.314904
-0.278038 -0.330333 0.271175
-0.340433 -0.285754 0.249821
-0.394670 -0.235350 0.220898
-0.315121 -0.124702 0.380925
-0.363392 -0.152083 0.323706
-0.405317 -0.170513 0.258100
-0.439364 -0.179330 0.186472
-0.407168 -0.103253 0.289062
-0.402171 -0.034004 0.311673
-0.441133 -0.051118 0.250653
-0.071790 -0.207518 0.460188
-0.137444 -0.173082 0.459490
-0.201307 -0.134289 0.448772
-0.070543 -0.138023 0.485749
-0.067698 -0.064346 0.501243
-0.260884 -0.091740 0.428340
-0.314037 -0.047084 0.398928
-0.359541 -0.002169 0.361567
-0.398101 0.040110 0.316159
-0.309792 0.032599 0.403649
-0.252521 0.067364 0.437794
-0.302567 0.111331 0.395012
-0.063885 0.011233 0.505728
-0.134073 -0.022258 0.491421
-0.200308 -0.056892 0.465408
-0.196223 0.022036 0.470081
-0.189151 0.100448 0.462711
-0.059188 0.086030 0.499060
-0.121906 0.130684 0.477537
-0.177735 0.176457 0.444141
-0.053300 0.157716 0.481957
-0.043726 0.224945 0.455551
-0.186864 0.473375 0.032154
-0.225584 0.456421 -0.028836
-0.158245 0.483540 -0.033955
-0.128284 0.482979 -0.101281
-0.171246 0.452562 -0.160747
-0.095052 0.472063 -0.167610
-0.086713 0.501173 -0.035757
-0.048136 0.506498 0.033447
-0.012095 0.508412 -0.036643
-0.058985 0.450961 -0.230490
-0.100167 0.410927 -0.284750
-0.021364 0.420399 -0.287705
0.016126 0.381542 -0.337925
-0.023684 0.338194 -0.380924
0.050557 0.334467 -0.381595
0.058366 0.416387 -0.288414
0.100036 0.442887 -0.231948
0.135879 0.399008 -0.286890
0.063267 0.504541 -0.037327
0.024452 0.498197 -0.105689
-0.016663 0.480187 -0.170635
0.062157 0.476179 -0.171343
0.139332 0.460157 -0.169692
0.100384 0.498856 0.032117
0.136789 0.489730 -0.037719
0.174870 0.467532 -0.104011
0.213260 0.433041 -0.164235
0.206093 0.464912 -0.037291
0.234845 0.451765 0.028231
0.270336 0.431113 -0.033450
0.328559 0.389754 -0.013463
0.309912 0.396200 -0.083485
0.282546 0.396293 -0.151994
0.248594 0.387878 -0.218455
0.345166 0.351842 -0.130575
0.398755 0.301361 -0.100761
0.373731 0.299036 -0.175659
0.209347 0.370581 -0.280738
0.166150 0.345032 -0.336637
0.120120 0.312697 -0.384445
0.070233 0.276043 -0.422978
0.187379 0.282253 -0.381059
0.251789 0.245196 -0.369393
0.198726 0.213012 -0.418461
0.393962 0.239512 -0.217711
0.339857 0.289392 -0.246393
0.277784 0.333472 -0.267581
0.298862 0.271296 -0.311523
0.311274 0.202952 -0.349125
0.438665 0.183943 -0.183566
0.405162 0.175292 -0.255111
0.363775 0.156980 -0.320977
0.316038 0.129676 -0.378523
0.407623 0.108456 -0.286507
0.441809 0.056465 -0.248304
0.403282 0.039420 -0.309582
0.399832 -0.034738 -0.314587
0.361104 0.007493 -0.359934
0.315438 0.052316 -0.397181
0.262207 0.096858 -0.426420
0.311684 -0.027398 -0.402594
0.304877 -0.106421 -0.394586
0.254618 -0.062362 -0.437325
0.202645 0.139194 -0.446686
0.138824 0.177817 -0.457249
0.073214 0.212092 -0.457888
0.008126 0.243640 -0.447897
0.072083 0.142936 -0.484100
0.069337 0.069399 -0.500333
0.001012 0.109668 -0.497941
0.191268 -0.095689 -0.462846
0.198122 -0.016992 -0.469491
0.201938 0.061979 -0.464040
0.135830 0.027313 -0.490681
0.065588 -0.006266 -0.505594
0.179997 -0.172199 -0.444876
0.123902 -0.126193 -0.478228
0.060947 -0.081392 -0.499639
-0.006475 -0.039489 -0.508301
0.055030 -0.153508 -0.483124
0.045370 -0.221330 -0.457164
-0.013222 -0.179577 -0.477080
-0.075325 -0.215369 -0.456045
-0.078577 -0.146860 -0.481922
-0.077615 -0.074435 -0.498393
-0.074836 0.000770 -0.504346
-0.144379 -0.112828 -0.475816
-0.204279 -0.153105 -0.441361
-0.208187 -0.075751 -0.459214
-0.070952 0.076435 -0.499071
-0.066183 0.149884 -0.482832
-0.059958 0.218765 -0.456674
-0.049951 0.282069 -0.421881
-0.128636 0.191242 -0.454816
-0.195813 0.159202 -0.443045
-0.184019 0.232250 -0.414938
-0.267551 -0.036268 -0.432511
-0.207290 0.003306 -0.465813
-0.141198 0.041215 -0.488174
-0.203135 0.082309 -0.460353
-0.259020 0.123026 -0.421593
-0.321297 -0.075150 -0.388690
-0.320330 0.004241 -0.396672
-0.315985 0.083979 -0.391254
-0.308458 0.161042 -0.372672
-0.365308 0.043960 -0.353029
-0.407294 0.005821 -0.306781
-0.403161 0.079962 -0.301835
-0.438616 0.100859 -0.239752
-0.400062 0.149149 -0.278772
-0.352122 0.193018 -0.314220
-0.295725 0.233509 -0.343475
-0.390230 0.215410 -0.247587
-0.421336 0.227395 -0.175318
-0.371841 0.278187 -0.210513
-0.232652 0.269591 -0.364915
-0.165041 0.299984 -0.377826
-0.095122 0.323530 -0.382460
-0.136731 0.360296 -0.333877
-0.176010 0.390049 -0.277223
-0.344850 0.335379 -0.168980
-0.313450 0.322406 -0.240332
-0.275754 0.300274 -0.306204
-0.247613 0.360012 -0.262766
-0.212068 0.411194 -0.214262
-0.368033 0.340244 -0.093520
-0.310137 0.385083 -0.124507
-0.243696 0.423002 -0.147188
-0.269536 0.425733 -0.078153
-0.287385 0.421176 -0.007696
0.056130 0.282070 0.421101
0.125576 0.260086 0.420224
0.170923 0.298343 0.376510
0.140100 0.358298 0.334623
0.213336 0.330932 0.323949
0.192610 0.230360 0.412090
0.256673 0.195137 0.394969
0.251729 0.356179 0.264085
0.215819 0.407986 0.216677
0.284803 0.373179 0.199020
0.311246 0.382101 0.130894
0.271125 0.423194 0.086252
0.329036 0.384861 0.060485
0.347052 0.331946 0.171404
0.376036 0.273736 0.208866
0.400157 0.285808 0.134708
0.315757 0.155919 0.368724
0.302966 0.228531 0.340497
0.281438 0.295891 0.305270
0.343083 0.254967 0.277945
0.396701 0.209259 0.242508
0.367748 0.114003 0.334286
0.408270 0.140735 0.271079
0.440903 0.158673 0.201008
0.411062 0.070394 0.293392
0.444664 0.023859 0.248484
0.374914 0.345035 0.020493
0.412612 0.298680 -0.022626
0.442170 0.245110 -0.066155
0.413076 0.293416 0.056922
0.443037 0.234675 0.092728
0.462450 0.185512 -0.108113
0.472739 0.122001 -0.147020
0.472814 0.057008 -0.182205
0.462183 -0.007086 -0.215363
0.494608 0.053754 -0.111599
0.506093 0.049300 -0.037362
0.503435 -0.018175 -0.078637
0.463771 0.170088 0.126325
0.475410 0.177694 0.048656
0.474984 0.182886 -0.030158
0.496620 0.115371 0.004929
0.506504 0.044331 0.038182
0.474426 0.102050 0.156485
0.495800 0.039093 0.112348
0.504228 -0.027897 0.070369
0.474843 0.033052 0.182862
0.464527 -0.034797 0.207469
0.468643 -0.099661 0.174491
0.489407 -0.098608 0.103631
0.500028 -0.095321 0.029241
0.462002 -0.164430 0.139636
0.445308 -0.226852 0.101133
0.499645 -0.090396 -0.046393
0.488236 -0.084018 -0.120610
0.466664 -0.075821 -0.190997
0.436242 -0.063479 -0.256323
0.460392 -0.144699 -0.164576
0.444031 -0.211687 -0.134134
0.420930 -0.197925 -0.208847
0.418834 -0.284562 0.059662
0.456666 -0.225574 0.022796
0.483847 -0.160289 -0.012815
0.456257 -0.220484 -0.056236
0.417987 -0.274292 -0.100024
0.383653 -0.335420 0.016651
0.383174 -0.330344 -0.063358
0.369572 -0.321470 -0.141580
0.340833 -0.378340 -0.026034
0.290401 -0.414045 -0.065338
0.397606 -0.106501 -0.300938
0.349539 -0.145715 -0.341421
0.292982 -0.182466 -0.375278
0.388720 -0.176616 -0.278716
0.371293 -0.244190 -0.249957
0.229617 -0.215861 -0.400786
0.161625 -0.244819 -0.417020
0.091316 -0.267910 -0.424131
0.019501 -0.282931 -0.423797
0.133894 -0.311071 -0.381160
0.174327 -0.348245 -0.329087
0.097907 -0.368456 -0.338532
0.345221 -0.306950 -0.215838
0.312659 -0.284740 -0.284831
0.273790 -0.254118 -0.347023
0.246435 -0.319755 -0.311441
0.211602 -0.377622 -0.269393
0.311355 -0.362636 -0.177568
0.244474 -0.398058 -0.204349
0.171481 -0.426305 -0.220936
0.271484 -0.409608 -0.136048
0.228199 -0.447026 -0.090152
0.160421 -0.473972 -0.097993
0.129149 -0.464868 -0.164903
0.094565 -0.445365 -0.229473
0.088216 -0.491889 -0.101117
0.012795 -0.499373 -0.102106
0.057165 -0.415982 -0.289206
0.018389 -0.377822 -0.341869
-0.020027 -0.332163 -0.386351
-0.055122 -0.279323 -0.423088
-0.061964 -0.373852 -0.341121
-0.103365 -0.408122 -0.287600
-0.140103 -0.356775 -0.336231
-0.063488 -0.495647 -0.101314
-0.025208 -0.480200 -0.169458
0.015375 -0.453425 -0.232653
-0.064303 -0.449504 -0.231858
-0.142299 -0.433763 -0.227072
-0.137901 -0.480808 -0.098815
-0.177326 -0.449853 -0.161689
-0.216869 -0.407253 -0.216981
-0.208039 -0.455922 -0.094095
-0.272833 -0.422364 -0.084876
-0.331107 -0.383335 -0.058790
-0.313283 -0.380717 -0.129964
-0.286528 -0.371864 -0.198951
-0.253037 -0.354698 -0.264808
-0.349205 -0.329913 -0.170847
-0.402469 -0.283017 -0.133734
-0.378152 -0.270977 -0.208625
-0.214073 -0.329113 -0.325299
-0.171053 -0.296020 -0.378246
-0.125129 -0.257228 -0.422110
-0.192713 -0.227265 -0.413749
-0.257276 -0.191736 -0.396247
-0.398593 -0.205751 -0.242372
-0.344836 -0.252082 -0.278391
-0.282799 -0.293580 -0.306279
-0.304167 -0.225446 -0.341491
-0.316676 -0.152115 -0.369515
-0.442618 -0.154636 -0.200337
-0.409758 -0.136641 -0.270933
-0.368789 -0.109818 -0.334532
-0.412024 -0.065861 -0.293091
-0.445330 -0.019093 -0.247697
-0.377087 -0.342709 -0.018430
-0.415343 -0.290547 -0.055054
-0.445228 -0.231111 -0.091232
-0.414651 -0.295630 0.025030
-0.443848 -0.241293 0.068826
-0.465577 -0.165990 -0.125035
-0.475751 -0.097575 -0.155300
-0.475571 -0.028330 -0.181718
-0.464683 0.039646 -0.206273
-0.496527 -0.034341 -0.110800
-0.507026 -0.039547 -0.036236
-0.504180 0.032811 -0.068555
-0.463565 -0.181065 0.110854
-0.476449 -0.178603 0.032541
-0.477104 -0.173576 -0.046757
-0.497673 -0.110731 -0.002818
-0.506392 -0.044372 0.039559
-0.473153 -0.117070 0.149667
-0.494589 -0.048685 0.113944
-0.502901 0.023182 0.080718
-0.472471 -0.051784 0.184628
-0.461099 0.012402 0.217413
-0.434508 0.068761 0.257901
-0.465079 0.080971 0.192729
-0.486879 0.089040 0.122457
-0.498541 0.095352 0.048305
-0.458316 0.149548 0.166022
-0.418302 0.202469 0.209776
-0.441503 0.216176 0.135393
-0.499170 0.100241 -0.027374
-0.488745 0.103515 -0.101906
-0.468132 0.104544 -0.172995
-0.460782 0.169201 -0.137954
-0.443356 0.231363 -0.099415
-0.415071 0.278303 0.101160
-0.453915 0.224913 0.057802
-0.482187 0.165043 0.014592
-0.454537 0.230033 -0.021138
-0.416286 0.288644 -0.057963
-0.366284 0.324871 0.142333
-0.379975 0.333820 0.064541
-0.380546 0.339010 -0.015109
-0.337396 0.381327 0.027331
-0.286856 0.416353 0.066362
-0.395393 0.111605 0.302012
-0.386095 0.181288 0.279369
-0.368314 0.248289 0.250334
-0.347039 0.150514 0.341881
-0.290336 0.186880 0.375166
-0.341946 0.310388 0.216108
-0.307924 0.365406 0.177872
-0.268002 0.411748 0.136547
-0.224744 0.448619 0.090980
-0.241169 0.400114 0.204277
-0.208599 0.379755 0.268781
-0.168523 0.427730 0.220527
-0.227018 0.219878 0.400108
-0.270913 0.257858 0.346528
-0.309562 0.288258 0.284667
-0.243429 0.322713 0.310731
-0.171633 0.350658 0.327934
-0.159294 0.248375 0.415833
-0.131610 0.313850 0.379684
-0.095765 0.370391 0.337049
-0.089370 0.271118 0.422506
-0.018015 0.285871 0.421892
0.021214 0.334348 0.384407
-0.016894 0.379377 0.340233
-0.055293 0.417120 0.287956
0.062728 0.375314 0.339393
0.103605 0.408940 0.286334
-0.092228 0.446200 0.228848
-0.126394 0.465618 0.164938
-0.157321 0.474892 0.098667
-0.085748 0.492210 0.101784
-0.011092 0.499289 0.102759
0.142076 0.434146 0.226462
0.064986 0.449807 0.231125
-0.013792 0.453864 0.231917
0.026407 0.480169 0.169401
0.064302 0.495395 0.102026
0.176711 0.450021 0.161983
0.137743 0.480702 0.099681
0.207036 0.456198 0.095223
0.020008 -0.286399 0.421481
-0.008159 -0.267655 0.434011
0.024311 -0.257337 0.439579
0.027311 -0.226670 0.455948
-0.004920 -0.208214 0.465448
0.029884 -0.194228 0.470522
0.057409 -0.246696 0.442567
0.084621 -0.267740 0.425636
0.091106 -0.234943 0.443277
0.032225 -0.160139 0.483016
-0.001339 -0.140563 0.490126
0.034432 -0.124689 0.493199
0.036525 -0.088158 0.500852
0.002423 -0.067836 0.505319
0.038515 -0.050965 0.505847
0.070136 -0.108619 0.493209
0.102829 -0.129285 0.482362
0.105459 -0.092047 0.490280
0.125024 -0.221828 0.441757
0.095897 -0.200879 0.458739
0.064830 -0.180225 0.472553
0.099709 -0.165598 0.471806
0.134196 -0.150141 0.468419
0.152128 -0.242586 0.421892
0.158819 -0.207375 0.437892
0.164014 -0.171027 0.451466
0.168044 -0.133691 0.462428
0.192134 -0.191618 0.431653
0.218529 -0.211532 0.409223
0.224551 -0.174667 0.423111
0.040383 -0.013393 0.508093
0.006136 0.007010 0.509787
0.042110 0.024142 0.507559
0.043680 0.061298 0.504295
0.009743 0.080966 0.503323
0.045052 0.097702 0.498411
0.077575 0.041816 0.502202
0.111084 0.022235 0.497127
0.112139 0.060194 0.493737
0.046164 0.133050 0.490058
0.013100 0.150951 0.486867
0.046928 0.167008 0.479493
0.047092 0.199480 0.466943
0.015952 0.213596 0.462812
0.045829 0.230693 0.452497
0.078841 0.185299 0.468477
0.111077 0.170229 0.467641
0.107995 0.205312 0.454089
0.145433 0.079288 0.482222
0.112675 0.097630 0.487590
0.079466 0.115453 0.490253
0.112404 0.134338 0.478865
0.143447 0.154102 0.464398
0.177540 0.060375 0.474135
0.177162 0.098941 0.467763
0.175579 0.136920 0.458689
0.172464 0.174232 0.447085
0.207158 0.118850 0.450481
0.237795 0.099959 0.439809
0.235416 0.138619 0.430493
0.255816 -0.156631 0.412302
0.229251 -0.136730 0.434414
0.201071 -0.116263 0.453894
0.171327 -0.095537 0.470623
0.232865 -0.097939 0.442873
0.263185 -0.078905 0.429491
0.235587 -0.058561 0.448356
0.140131 -0.074800 0.484494
0.107713 -0.054190 0.495407
0.074363 -0.033742 0.503288
0.109616 -0.015993 0.497680
0.143909 0.002406 0.489139
0.237503 -0.018790 0.450784
0.206390 -0.038087 0.464669
0.173861 -0.056807 0.475931
0.175759 -0.017730 0.478287
0.176985 0.021379 0.477673
0.267012 0.000932 0.434347
0.238597 0.021056 0.450100
0.208720 0.040935 0.463370
0.238759 0.060710 0.446405
0.267166 0.080395 0.426750
0.280799 -0.175611 0.387663
0.285584 -0.137736 0.399290
0.289196 -0.098899 0.408116
0.291903 -0.059332 0.413820
0.313567 -0.118168 0.384311
0.336449 -0.136295 0.358069
0.339559 -0.098202 0.367467
0.293809 -0.019365 0.416265
0.294909 0.020668 0.415423
0.295039 0.060439 0.411427
0.293953 0.099696 0.404505
0.321109 0.040211 0.394020
0.345180 0.019941 0.374744
0.345693 0.059121 0.370091
0.363459 -0.077979 0.349027
0.341975 -0.059113 0.373557
0.318797 -0.039470 0.395977
0.343880 -0.019572 0.375995
0.367151 -0.000039 0.353842
0.383533 -0.095418 0.322201
0.385106 -0.057873 0.329191
0.386916 -0.019568 0.331565
0.388918 0.018544 0.329254
0.404564 -0.038237 0.308076
0.420628 -0.055490 0.282959
0.422310 -0.019628 0.285205
0.007345 -0.313888 0.401906
0.041191 -0.307752 0.404519
0.075028 -0.299212 0.406033
0.109158 -0.288701 0.405867
0.061456 -0.328539 0.385104
0.044263 -0.354991 0.363353
0.081562 -0.348403 0.363280
0.143399 -0.276491 0.403704
0.177405 -0.262604 0.399430
0.210839 -0.247193 0.392955
0.243352 -0.230384 0.384280
0.201173 -0.281424 0.374558
0.189318 -0.313979 0.354341
0.223644 -0.298656 0.347491
0.101592 -0.366962 0.339126
0.118120 -0.339091 0.361999
0.132146 -0.308791 0.383635
0.154085 -0.327512 0.359129
0.175213 -0.344542 0.332490
0.082972 -0.392196 0.315086
0.121395 -0.383895 0.312832
0.158935 -0.372972 0.309197
0.195494 -0.359750 0.303857
0.140837 -0.398930 0.284554
0.121237 -0.422339 0.258647
0.159664 -0.411861 0.254615
0.274603 -0.212340 0.373461
0.304304 -0.193248 0.360591
0.332157 -0.173264 0.345856
0.357998 -0.152685 0.329415
0.326367 -0.209147 0.331211
0.318821 -0.243679 0.314552
0.347109 -0.222830 0.299727
0.381579 -0.131598 0.311578
0.402788 -0.110186 0.292649
0.421546 -0.088428 0.272992
0.437885 -0.065609 0.253111
0.421209 -0.120990 0.260704
0.419063 -0.153585 0.246580
0.438336 -0.127560 0.227168
0.366347 -0.234142 0.266331
0.373338 -0.200883 0.283272
0.378324 -0.166724 0.298476
0.397374 -0.177890 0.265433
0.414836 -0.186030 0.230853
0.357229 -0.266246 0.247952
0.383977 -0.242888 0.231422
0.408400 -0.218029 0.213663
0.430442 -0.191443 0.195074
0.399680 -0.249252 0.195179
0.388736 -0.279357 0.175534
0.413330 -0.253399 0.157839
0.177763 -0.422549 0.223201
0.197040 -0.398896 0.249004
0.214900 -0.372826 0.273465
0.230914 -0.344475 0.296615
0.233296 -0.383662 0.241539
0.250543 -0.392155 0.208349
0.268106 -0.366315 0.232121
0.244936 -0.314037 0.318358
0.256851 -0.281734 0.338555
0.266713 -0.247763 0.356979
0.288656 -0.263370 0.327546
0.309225 -0.276836 0.296131
0.301273 -0.347157 0.220639
0.283840 -0.338395 0.254714
0.265025 -0.327341 0.287328
0.297553 -0.308530 0.276074
0.328388 -0.288111 0.262906
0.317139 -0.353597 0.185328
0.332557 -0.326215 0.207257
0.345970 -0.296988 0.228168
0.361770 -0.303609 0.192122
0.375536 -0.308084 0.154946
0.157303 -0.443609 0.196045
0.194919 -0.430837 0.190669
0.231399 -0.415650 0.183427
0.266438 -0.398310 0.174112
0.211009 -0.436666 0.157335
0.189687 -0.455133 0.129820
0.225788 -0.440163 0.123537
0.299832 -0.378983 0.162618
0.331203 -0.357870 0.149023
0.360353 -0.335046 0.133630
0.387135 -0.310562 0.116821
0.343237 -0.360074 0.111795
0.324481 -0.382984 0.089565
0.352894 -0.360591 0.073634
0.239215 -0.441298 0.089625
0.260588 -0.422960 0.114839
0.280847 -0.402151 0.139138
0.293624 -0.403817 0.103469
0.304338 -0.403562 0.067226
0.217295 -0.457001 0.062987
0.251115 -0.440267 0.055901
0.283137 -0.421700 0.044894
0.312499 -0.401799 0.030225
0.261255 -0.437355 0.022543
0.239115 -0.450437 -0.000580
0.269085 -0.433065 -0.010877
-0.028810 -0.312092 0.402339
-0.012057 -0.335802 0.383592
0.005956 -0.357772 0.363295
0.024692 -0.378379 0.340911
-0.032578 -0.355864 0.363757
-0.070415 -0.349318 0.364735
-0.053727 -0.374515 0.341815
0.043770 -0.397452 0.316389
0.062950 -0.414743 0.289830
0.081962 -0.430022 0.261384
0.100656 -0.443079 0.231332
0.042099 -0.434666 0.263180
0.001856 -0.436060 0.264232
0.020883 -0.451972 0.235040
-0.075121 -0.391581 0.317789
-0.035782 -0.397276 0.317611
0.004015 -0.399228 0.317137
-0.017130 -0.417766 0.291789
-0.038409 -0.434086 0.264697
-0.113724 -0.382486 0.317415
-0.096565 -0.406894 0.291697
-0.078357 -0.428753 0.264575
-0.059547 -0.448043 0.235930
-0.117662 -0.420211 0.263716
-0.156090 -0.408693 0.261861
-0.138217 -0.431356 0.234076
0.118753 -0.453764 0.199901
0.136116 -0.461979 0.167418
0.152557 -0.467640 0.134203
0.168011 -0.470779 0.100622
0.114606 -0.477497 0.137220
0.075962 -0.484555 0.139286
0.093197 -0.490057 0.105490
0.182355 -0.471456 0.067070
0.195658 -0.469688 0.033824
0.208047 -0.465571 0.001364
0.220357 -0.458906 -0.030293
0.175598 -0.478726 0.002107
0.141533 -0.489858 0.002467
0.157575 -0.483932 -0.031465
0.072201 -0.499518 0.072374
0.109750 -0.492798 0.071220
0.146540 -0.483396 0.069580
0.125797 -0.492755 0.036800
0.106055 -0.498727 0.002723
0.034028 -0.503437 0.073190
0.051826 -0.505784 0.038169
0.069441 -0.505116 0.002958
0.087220 -0.501341 -0.032074
0.032036 -0.508851 0.003231
-0.005805 -0.509820 0.003562
0.012725 -0.508701 -0.032012
-0.158032 -0.440174 0.203034
-0.119536 -0.451354 0.204824
-0.080270 -0.459569 0.205691
-0.040490 -0.464693 0.205842
-0.100393 -0.468584 0.174102
-0.119723 -0.474993 0.141462
-0.081111 -0.482931 0.141982
-0.000393 -0.466665 0.205392
0.039678 -0.465443 0.204330
0.079478 -0.461101 0.202565
0.058095 -0.476330 0.172329
0.036825 -0.488689 0.140672
-0.061920 -0.494291 0.108580
-0.041977 -0.487890 0.141987
-0.021415 -0.478659 0.174318
-0.002577 -0.489814 0.141546
0.015922 -0.498095 0.107746
-0.081204 -0.497805 0.074449
-0.043002 -0.502596 0.074203
-0.004502 -0.504461 0.073791
-0.024316 -0.507783 0.039076
-0.043708 -0.507973 0.003966
-0.195536 -0.426282 0.200039
-0.176850 -0.446604 0.170940
-0.157588 -0.464179 0.140195
-0.138180 -0.478746 0.108027
-0.194548 -0.450630 0.138046
-0.230447 -0.434500 0.134470
-0.211003 -0.452196 0.104783
-0.118939 -0.490161 0.074475
-0.099948 -0.498391 0.039796
-0.081301 -0.503325 0.004443
-0.062814 -0.505024 -0.031212
-0.118204 -0.495959 0.004965
-0.154078 -0.486017 0.005504
-0.136309 -0.490423 -0.029715
-0.226131 -0.451387 0.071496
-0.191455 -0.466843 0.073284
-0.155717 -0.479816 0.074132
-0.172443 -0.478171 0.040015
-0.188587 -0.473717 0.006014
-0.259609 -0.433533 0.068184
-0.239932 -0.448289 0.038549
-0.221517 -0.459262 0.006381
-0.204754 -0.466195 -0.027629
-0.252599 -0.442938 0.006295
-0.282151 -0.424776 0.004993
-0.264902 -0.435045 -0.025129
-0.038329 -0.283483 0.422201
-0.061838 -0.302637 0.405746
-0.084497 -0.321305 0.386829
-0.106926 -0.339089 0.365521
-0.094663 -0.290779 0.408052
-0.100704 -0.258499 0.427838
-0.127639 -0.276938 0.408674
-0.129252 -0.355537 0.341866
-0.151246 -0.370424 0.316046
-0.172723 -0.383472 0.288242
-0.193465 -0.394477 0.258694
-0.187703 -0.355814 0.313248
-0.200593 -0.325929 0.336903
-0.222973 -0.339006 0.308745
-0.160598 -0.261324 0.407314
-0.153008 -0.294605 0.387021
-0.142537 -0.326153 0.365114
-0.177269 -0.311047 0.363049
-0.211175 -0.294037 0.359052
-0.165569 -0.226686 0.425655
-0.193239 -0.244075 0.403794
-0.219335 -0.260410 0.379529
-0.244071 -0.275323 0.352977
-0.225183 -0.225358 0.398072
-0.229007 -0.189042 0.414472
-0.256165 -0.205302 0.390124
-0.213245 -0.403301 0.227650
-0.231889 -0.409831 0.195491
-0.249283 -0.414047 0.162468
-0.265151 -0.415985 0.128943
-0.267001 -0.391075 0.189046
-0.283247 -0.365735 0.214372
-0.300504 -0.370231 0.180489
-0.279404 -0.415750 0.095290
-0.291914 -0.413505 0.061775
-0.302459 -0.409564 0.028592
-0.310573 -0.404501 -0.004700
-0.322270 -0.391810 0.051415
-0.341184 -0.371573 0.074221
-0.349935 -0.369002 0.037322
-0.332187 -0.347625 0.169640
-0.316081 -0.372609 0.145711
-0.298385 -0.395367 0.120987
-0.329750 -0.372928 0.110265
-0.358777 -0.349077 0.096980
-0.346439 -0.320596 0.192775
-0.361725 -0.323381 0.156678
-0.374759 -0.324373 0.119575
-0.385243 -0.323875 0.081596
-0.388907 -0.297661 0.141833
-0.400932 -0.269181 0.163529
-0.413577 -0.270481 0.125487
-0.285814 -0.184127 0.379952
-0.281787 -0.220255 0.363385
-0.275727 -0.255093 0.344769
-0.267473 -0.288496 0.324332
-0.305901 -0.233572 0.334385
-0.334361 -0.210839 0.322050
-0.328478 -0.244917 0.303424
-0.256984 -0.320230 0.302282
-0.244282 -0.350077 0.278789
-0.229640 -0.377840 0.253899
-0.264446 -0.359027 0.247244
-0.297693 -0.338282 0.238507
-0.349480 -0.254155 0.270614
-0.320425 -0.277622 0.283198
-0.289549 -0.299671 0.293772
-0.310151 -0.308833 0.261513
-0.329180 -0.315780 0.227784
-0.376444 -0.229376 0.256208
-0.368678 -0.261228 0.236188
-0.358659 -0.291691 0.215006
-0.385911 -0.266183 0.200447
-0.410753 -0.239243 0.184370
-0.288050 -0.146903 0.394214
-0.313834 -0.162064 0.367701
-0.338128 -0.175607 0.338825
-0.360862 -0.187140 0.307780
-0.340005 -0.139299 0.353509
-0.340293 -0.101979 0.365765
-0.364066 -0.116070 0.337596
-0.381940 -0.196420 0.274801
-0.401162 -0.203344 0.240189
-0.418305 -0.208054 0.204213
-0.433133 -0.210809 0.167100
-0.423477 -0.175987 0.222840
-0.426299 -0.143418 0.240182
-0.443200 -0.147218 0.204667
-0.385867 -0.092583 0.320214
-0.386443 -0.127931 0.307060
-0.385237 -0.162540 0.291836
-0.407281 -0.137086 0.274444
-0.426906 -0.110609 0.255965
-0.383956 -0.056327 0.330792
-0.405284 -0.069028 0.301662
-0.425447 -0.077881 0.270092
-0.443926 -0.082672 0.236872
-0.422221 -0.045395 0.282334
-0.417765 -0.012676 0.292209
-0.436621 -0.020957 0.262668
-0.039340 -0.254168 0.440335
-0.071199 -0.240276 0.444085
-0.103562 -0.225205 0.445609
-0.038989 -0.223375 0.456732
-0.038053 -0.190828 0.471316
-0.136075 -0.208765 0.444833
-0.168442 -0.190951 0.441748
-0.200209 -0.171840 0.436278
-0.231096 -0.151686 0.428430
-0.169777 -0.154201 0.455362
-0.137653 -0.136443 0.471601
-0.169947 -0.116636 0.466331
-0.036796 -0.156678 0.483824
-0.071429 -0.173391 0.474156
-0.104678 -0.190820 0.461108
-0.104727 -0.155349 0.474215
-0.104048 -0.118847 0.484785
-0.035336 -0.121168 0.494000
-0.069265 -0.101580 0.494834
-0.102844 -0.081545 0.492674
-0.033651 -0.084635 0.501673
-0.031866 -0.047398 0.506661
-0.260710 -0.130541 0.418277
-0.288797 -0.108666 0.405904
-0.315098 -0.086290 0.391465
-0.339407 -0.063658 0.375157
-0.288345 -0.069580 0.414701
-0.260017 -0.052342 0.435452
-0.286994 -0.029904 0.420363
-0.361602 -0.041034 0.357174
-0.381587 -0.018759 0.337729
-0.399471 0.002822 0.316964
-0.415816 0.023202 0.294388
-0.379498 0.019575 0.340028
-0.357342 0.036960 0.361842
-0.377730 0.057714 0.337644
-0.284888 0.010114 0.422741
-0.312221 -0.007326 0.403046
-0.337766 -0.024511 0.381188
-0.335627 0.015106 0.383542
-0.333053 0.054591 0.382205
-0.255792 0.027563 0.440188
-0.282026 0.050094 0.421812
-0.306657 0.072231 0.400882
-0.329786 0.093584 0.377449
-0.278299 0.089709 0.417701
-0.248246 0.106748 0.432374
-0.273475 0.128708 0.410612
-0.029980 -0.009830 0.508894
-0.065893 -0.026630 0.504892
-0.101277 -0.043593 0.497804
-0.135815 -0.060819 0.487669
-0.099336 -0.005370 0.500070
-0.097063 0.032839 0.499469
-0.131875 0.016421 0.492234
-0.169220 -0.078290 0.474553
-0.201264 -0.095894 0.458544
-0.231789 -0.113418 0.439746
-0.231368 -0.074420 0.448214
-0.230066 -0.034889 0.453672
-0.163200 0.038766 0.481486
-0.165793 -0.000350 0.482152
-0.167793 -0.039437 0.479837
-0.198612 -0.017495 0.469267
-0.227995 0.004904 0.456027
-0.159936 0.077614 0.477876
-0.193132 0.061438 0.467848
-0.225159 0.044690 0.455277
-0.221471 0.084214 0.451475
-0.216753 0.123179 0.444763
-0.028012 0.027718 0.508342
-0.061650 0.048911 0.503757
-0.094421 0.070737 0.496039
-0.025961 0.064846 0.505072
-0.023825 0.101232 0.499173
-0.125910 0.093156 0.485225
-0.155856 0.115970 0.471416
-0.184124 0.138874 0.454725
-0.210723 0.161408 0.435326
-0.150735 0.153648 0.462210
-0.116869 0.167424 0.467226
-0.144139 0.190429 0.450484
-0.021583 0.136509 0.490819
-0.056470 0.122406 0.491752
-0.091330 0.108053 0.489862
-0.087606 0.144592 0.481037
-0.082954 0.180161 0.469742
-0.019174 0.170413 0.480223
-0.049348 0.191844 0.469864
-0.076659 0.214773 0.456083
-0.016354 0.202724 0.467633
-0.012284 0.233657 0.453138
-0.216893 0.460474 0.031528
-0.235640 0.452265 0.001993
-0.204662 0.467076 0.000067
-0.192400 0.471136 -0.032190
-0.213999 0.458781 -0.061164
-0.179271 0.472886 -0.065158
-0.172399 0.479919 -0.000644
-0.154443 0.484867 0.032700
-0.138537 0.490732 -0.000965
-0.165070 0.472276 -0.098483
-0.186731 0.457019 -0.127585
-0.149797 0.469217 -0.131822
-0.133516 0.463664 -0.164814
-0.154686 0.445692 -0.193400
-0.116341 0.455614 -0.197109
-0.112073 0.478817 -0.134723
-0.090761 0.491022 -0.103144
-0.073715 0.485654 -0.136669
-0.103362 0.499306 -0.001178
-0.122984 0.493602 -0.035016
-0.143647 0.484551 -0.067598
-0.107151 0.493679 -0.069165
-0.069884 0.500174 -0.070207
-0.084643 0.501691 0.033357
-0.067095 0.505448 -0.001367
-0.049657 0.506160 -0.036231
-0.032072 0.503896 -0.070938
-0.030084 0.508970 -0.001527
-0.010994 0.508650 0.033378
0.007356 0.509818 -0.001834
-0.098414 0.445119 -0.228374
-0.118965 0.424769 -0.255715
-0.079884 0.432267 -0.258309
-0.061019 0.417246 -0.286620
-0.081001 0.395066 -0.312005
-0.041980 0.400213 -0.313141
-0.040261 0.436784 -0.259931
-0.019134 0.453739 -0.231790
-0.000263 0.438101 -0.260851
-0.023003 0.381408 -0.337643
-0.042496 0.358345 -0.360276
-0.004368 0.361062 -0.360063
0.013595 0.339328 -0.380416
-0.005708 0.317635 -0.398934
0.030246 0.315831 -0.399260
0.034054 0.359130 -0.360436
0.055094 0.377491 -0.338345
0.071706 0.352604 -0.361309
0.039762 0.436066 -0.261205
0.018596 0.420141 -0.288304
-0.002443 0.401931 -0.313748
0.037171 0.399937 -0.314105
0.076341 0.394254 -0.314207
0.060694 0.449673 -0.232527
0.079405 0.430742 -0.261013
0.097551 0.409241 -0.288073
0.114668 0.385207 -0.313772
0.118429 0.422250 -0.260102
0.138726 0.433114 -0.230517
0.156591 0.410822 -0.258184
0.044814 0.507877 -0.002229
0.025678 0.507866 -0.037010
0.006075 0.504789 -0.071426
-0.014160 0.498701 -0.105193
0.044155 0.502846 -0.071779
0.081934 0.498062 -0.071932
0.062922 0.494771 -0.105883
-0.034898 0.489616 -0.137939
-0.056030 0.477608 -0.169470
-0.077308 0.462752 -0.199633
-0.037789 0.466941 -0.201263
0.001982 0.468059 -0.202183
0.081979 0.483644 -0.138988
0.043189 0.488635 -0.139061
0.004154 0.490615 -0.138720
0.022834 0.479712 -0.171244
0.041739 0.466042 -0.202562
0.120155 0.475779 -0.138402
0.101095 0.469617 -0.170852
0.081199 0.460908 -0.202335
0.120109 0.452741 -0.201418
0.158248 0.441694 -0.199587
0.063685 0.504810 0.032717
0.081958 0.503241 -0.002580
0.100424 0.498477 -0.037573
0.119214 0.490505 -0.071901
0.118404 0.495936 -0.003038
0.136234 0.490353 0.031326
0.153839 0.486107 -0.003538
0.138348 0.479347 -0.105181
0.157600 0.465089 -0.137153
0.176803 0.447906 -0.167615
0.195434 0.427908 -0.196607
0.194220 0.451722 -0.134933
0.210426 0.453115 -0.101901
0.229781 0.435812 -0.131342
0.187902 0.473991 -0.003982
0.172053 0.478501 -0.037689
0.155615 0.480262 -0.071531
0.190998 0.467467 -0.070634
0.225257 0.452245 -0.068845
0.203812 0.466493 0.029374
0.220447 0.459793 -0.004262
0.238800 0.449102 -0.036146
0.258415 0.434684 -0.065492
0.251190 0.443798 -0.004155
0.263330 0.435908 0.027079
0.280562 0.425906 -0.002804
0.308703 0.405869 0.006850
0.300765 0.410976 -0.026194
0.290427 0.414946 -0.059124
0.278168 0.417242 -0.092393
0.320545 0.393565 -0.048800
0.348015 0.371069 -0.034789
0.339451 0.373731 -0.071401
0.264160 0.417573 -0.125829
0.248570 0.415765 -0.159114
0.231530 0.411700 -0.192017
0.213144 0.405354 -0.224092
0.266309 0.393201 -0.185602
0.299565 0.372651 -0.177076
0.282602 0.368291 -0.210848
0.357089 0.351609 -0.094016
0.328244 0.375153 -0.107223
0.297127 0.397252 -0.117896
0.314851 0.374904 -0.142475
0.330985 0.350340 -0.166340
0.383463 0.326716 -0.078734
0.373195 0.327306 -0.116519
0.360398 0.326418 -0.153424
0.345403 0.323725 -0.189394
0.387469 0.300984 -0.138694
0.412058 0.274140 -0.122515
0.399718 0.272917 -0.160321
0.193642 0.396768 -0.255025
0.173177 0.386012 -0.284565
0.151948 0.373214 -0.312398
0.130186 0.358622 -0.338280
0.188163 0.358766 -0.309607
0.223230 0.342112 -0.305114
0.201120 0.329261 -0.333336
0.108099 0.342416 -0.362016
0.085763 0.324904 -0.383542
0.063259 0.306441 -0.402648
0.039765 0.287545 -0.419296
0.095948 0.294680 -0.404939
0.128821 0.280932 -0.405568
0.102018 0.262703 -0.424960
0.211786 0.297737 -0.355633
0.178050 0.314602 -0.359592
0.143462 0.329600 -0.361616
0.154004 0.298388 -0.383719
0.161680 0.265414 -0.404224
0.244527 0.279192 -0.349612
0.220071 0.264465 -0.376307
0.194182 0.248289 -0.400801
0.166713 0.231069 -0.422845
0.226035 0.229703 -0.395111
0.256925 0.209801 -0.387224
0.229994 0.193661 -0.411787
0.409796 0.243306 -0.181215
0.384952 0.270008 -0.197123
0.357775 0.295255 -0.211635
0.328440 0.319031 -0.224308
0.367981 0.265141 -0.232908
0.376003 0.233647 -0.252984
0.349105 0.258180 -0.267285
0.297136 0.341259 -0.234954
0.264104 0.361744 -0.243636
0.229500 0.380342 -0.250239
0.244264 0.352964 -0.275153
0.257041 0.323556 -0.298700
0.328428 0.249056 -0.300101
0.320175 0.281405 -0.279745
0.309715 0.312221 -0.257994
0.289412 0.303251 -0.290251
0.267639 0.292207 -0.320850
0.334497 0.215305 -0.318944
0.306123 0.237807 -0.331216
0.276055 0.259157 -0.341466
0.282285 0.224633 -0.360310
0.286501 0.188796 -0.377150
0.432158 0.215138 -0.164091
0.417571 0.212434 -0.201152
0.400707 0.207814 -0.237074
0.381749 0.200995 -0.271741
0.423032 0.180714 -0.219912
0.442822 0.152115 -0.201838
0.426175 0.148391 -0.237340
0.360955 0.191799 -0.304791
0.338494 0.180363 -0.335970
0.314489 0.166877 -0.364994
0.288941 0.151781 -0.391718
0.340633 0.144264 -0.350911
0.364706 0.121203 -0.335082
0.341200 0.107108 -0.363448
0.427123 0.115761 -0.253315
0.407413 0.142107 -0.271683
0.385314 0.167402 -0.288950
0.386834 0.133006 -0.304402
0.386569 0.097816 -0.317804
0.444264 0.087914 -0.234339
0.426018 0.083192 -0.267626
0.406064 0.074363 -0.299369
0.384971 0.061663 -0.328648
0.423114 0.050765 -0.280098
0.437614 0.026362 -0.260520
0.418958 0.018100 -0.290204
0.417293 -0.017797 -0.292612
0.400904 0.002576 -0.315140
0.382933 0.024131 -0.335859
0.362858 0.046368 -0.355228
0.381147 -0.014219 -0.338446
0.379653 -0.052434 -0.336344
0.359213 -0.031670 -0.360507
0.340599 0.068892 -0.373138
0.316243 0.091438 -0.389369
0.289889 0.113746 -0.403714
0.261836 0.135481 -0.416007
0.289718 0.074750 -0.412855
0.288597 0.035100 -0.418871
0.261554 0.057497 -0.433880
0.335053 -0.049402 -0.381165
0.337387 -0.009814 -0.382184
0.339255 0.029787 -0.379496
0.313889 0.012577 -0.401610
0.286703 -0.004931 -0.421604
0.332022 -0.088519 -0.376739
0.308769 -0.067186 -0.400146
0.284046 -0.044991 -0.421029
0.257745 -0.022415 -0.439355
0.280498 -0.084749 -0.417263
0.275832 -0.123919 -0.410522
0.250475 -0.101896 -0.432246
0.232250 0.156511 -0.426057
0.201415 0.176604 -0.433837
0.169658 0.195537 -0.439251
0.137394 0.213292 -0.442287
0.171091 0.159046 -0.453199
0.171401 0.121577 -0.464552
0.139127 0.141372 -0.469695
0.104919 0.229654 -0.443005
0.072610 0.244674 -0.441443
0.040815 0.258456 -0.437698
0.009694 0.271859 -0.431360
0.040478 0.227890 -0.454366
0.039558 0.195531 -0.469259
0.006458 0.212797 -0.463333
0.105606 0.123817 -0.483208
0.106245 0.160191 -0.472242
0.106081 0.195496 -0.458824
0.072869 0.178160 -0.472148
0.038327 0.161531 -0.482106
0.104483 0.086540 -0.491477
0.070869 0.106551 -0.493536
0.036864 0.126143 -0.492652
0.002882 0.145508 -0.488661
0.035223 0.089674 -0.500687
0.033458 0.052444 -0.506060
-0.000909 0.072881 -0.504615
0.218992 -0.118499 -0.444934
0.223593 -0.079321 -0.451310
0.227150 -0.039679 -0.454738
0.229833 0.000199 -0.455128
0.195125 -0.056503 -0.467652
0.161917 -0.072770 -0.477959
0.165107 -0.033797 -0.481204
0.231721 0.040031 -0.452387
0.232839 0.079478 -0.446562
0.233098 0.118411 -0.437734
0.202737 0.100934 -0.456810
0.170807 0.083348 -0.473121
0.133694 -0.011455 -0.491888
0.167625 0.005401 -0.481493
0.200386 0.022621 -0.468274
0.169524 0.044533 -0.478792
0.137485 0.065878 -0.486542
0.098878 -0.027919 -0.499399
0.101085 0.010391 -0.499638
0.102957 0.048661 -0.496975
0.067587 0.031709 -0.504354
0.031593 0.014831 -0.508672
0.213079 -0.156978 -0.435801
0.186304 -0.134341 -0.455192
0.157933 -0.111339 -0.471838
0.127858 -0.088444 -0.485594
0.152846 -0.149253 -0.462973
0.146285 -0.186357 -0.451497
0.118903 -0.163197 -0.468195
0.096249 -0.065952 -0.496344
0.063343 -0.044054 -0.503988
0.029631 -0.022806 -0.508504
-0.004609 -0.002100 -0.509834
0.027568 -0.060103 -0.505571
0.025426 -0.096676 -0.499993
-0.008281 -0.076341 -0.504068
0.084832 -0.176091 -0.470951
0.089505 -0.140222 -0.481991
0.093194 -0.103461 -0.490499
0.058214 -0.117950 -0.492633
0.023171 -0.132193 -0.491923
0.078501 -0.211010 -0.457516
0.051042 -0.187953 -0.471251
0.020736 -0.166356 -0.481574
-0.011650 -0.146801 -0.488192
0.017863 -0.198949 -0.469193
0.013744 -0.230170 -0.454865
-0.014623 -0.209960 -0.464513
-0.044687 -0.227280 -0.454339
-0.045928 -0.195793 -0.468612
-0.045748 -0.163068 -0.480981
-0.044937 -0.128791 -0.491326
-0.077875 -0.181542 -0.470102
-0.107268 -0.201811 -0.455825
-0.110353 -0.166407 -0.469162
-0.043772 -0.093219 -0.499379
-0.042353 -0.056607 -0.504953
-0.040738 -0.019289 -0.507875
-0.038969 0.018356 -0.508046
-0.076391 -0.037076 -0.502741
-0.111147 -0.055578 -0.494488
-0.110002 -0.017471 -0.497541
-0.142896 -0.150200 -0.465826
-0.111584 -0.130211 -0.480189
-0.078398 -0.111140 -0.491416
-0.111747 -0.093245 -0.488667
-0.144693 -0.074840 -0.483149
-0.172187 -0.170544 -0.448592
-0.175246 -0.132932 -0.459991
-0.176717 -0.094626 -0.468794
-0.176966 -0.055865 -0.474880
-0.206990 -0.114745 -0.451615
-0.235562 -0.134660 -0.431674
-0.237749 -0.095698 -0.440753
-0.037070 0.055992 -0.505413
-0.035061 0.093181 -0.500042
-0.032939 0.129654 -0.492018
-0.030706 0.164995 -0.481479
-0.068712 0.113599 -0.492286
-0.104136 0.097019 -0.489602
-0.101411 0.134214 -0.481320
-0.028329 0.198933 -0.468642
-0.025750 0.231201 -0.453767
-0.022725 0.261637 -0.437120
-0.018424 0.290451 -0.418769
-0.055787 0.251090 -0.440291
-0.089472 0.239402 -0.441231
-0.082938 0.271978 -0.423278
-0.132785 0.154992 -0.467241
-0.098208 0.170444 -0.470434
-0.063306 0.184994 -0.470912
-0.094338 0.205545 -0.456994
-0.123412 0.226374 -0.439901
-0.166795 0.138548 -0.461467
-0.162576 0.175786 -0.450157
-0.157252 0.211989 -0.436246
-0.150429 0.246991 -0.419969
-0.190647 0.196256 -0.430227
-0.223190 0.179403 -0.421868
-0.216959 0.216128 -0.407661
-0.267293 -0.076084 -0.427469
-0.238547 -0.056244 -0.447079
-0.208205 -0.036361 -0.463979
-0.176280 -0.016707 -0.478131
-0.238222 -0.016387 -0.450494
-0.266716 0.003858 -0.434508
-0.236950 0.023596 -0.450825
-0.142944 0.002407 -0.489412
-0.108428 0.020895 -0.497765
-0.073038 0.038712 -0.503122
-0.106463 0.059152 -0.495107
-0.138949 0.079727 -0.484033
-0.234806 0.063421 -0.448116
-0.205583 0.042940 -0.464601
-0.174862 0.022597 -0.478390
-0.172834 0.061702 -0.475684
-0.170147 0.100406 -0.470016
-0.262437 0.083785 -0.429039
-0.231887 0.102833 -0.442288
-0.199925 0.121153 -0.453110
-0.228088 0.141556 -0.433493
-0.254552 0.161420 -0.411222
-0.294384 -0.095470 -0.405183
-0.295245 -0.056013 -0.411877
-0.294869 -0.016040 -0.415650
-0.293491 0.024135 -0.416217
-0.321333 -0.035712 -0.394240
-0.346247 -0.054600 -0.370287
-0.345440 -0.015329 -0.374729
-0.291322 0.064144 -0.413486
-0.288393 0.103756 -0.407475
-0.284545 0.142552 -0.398332
-0.279496 0.180349 -0.386426
-0.312713 0.123014 -0.383477
-0.338926 0.103035 -0.366726
-0.335508 0.141109 -0.357071
-0.367373 0.004746 -0.353591
-0.343815 0.024328 -0.375750
-0.318503 0.044259 -0.395697
-0.341638 0.063953 -0.373072
-0.363053 0.082821 -0.348331
-0.389375 -0.013847 -0.328949
-0.387061 0.024350 -0.331076
-0.384929 0.062708 -0.328508
-0.383040 0.100270 -0.321309
-0.404618 0.043069 -0.307364
-0.422565 0.024463 -0.284449
-0.420556 0.060354 -0.282066
-0.437724 0.070478 -0.251996
-0.421176 0.093306 -0.271933
-0.402221 0.115033 -0.291596
-0.380778 0.136420 -0.310481
-0.420549 0.125840 -0.259472
-0.437606 0.132403 -0.225798
-0.418091 0.158380 -0.245189
-0.356985 0.157478 -0.328254
-0.330965 0.178046 -0.344586
-0.302909 0.197928 -0.359224
-0.273047 0.216950 -0.371934
-0.324901 0.213738 -0.329739
-0.345503 0.227397 -0.298132
-0.317045 0.248132 -0.312861
-0.413550 0.190740 -0.229291
-0.396159 0.182610 -0.264013
-0.377222 0.171474 -0.297139
-0.371903 0.205579 -0.281767
-0.364634 0.238629 -0.264703
-0.429073 0.196139 -0.193457
-0.406798 0.222589 -0.211986
-0.382138 0.247359 -0.229691
-0.355226 0.270508 -0.246154
-0.397771 0.253663 -0.193406
-0.411290 0.257785 -0.156069
-0.386504 0.283566 -0.173699
-0.241698 0.234885 -0.382576
-0.209086 0.251588 -0.391099
-0.175644 0.266908 -0.397376
-0.141586 0.280692 -0.401457
-0.199264 0.285569 -0.372448
-0.221583 0.302705 -0.345287
-0.187277 0.317848 -0.351936
-0.107386 0.292795 -0.403414
-0.073298 0.303181 -0.403399
-0.039537 0.311628 -0.401709
-0.059703 0.332208 -0.382225
-0.079703 0.351860 -0.360350
-0.173059 0.348105 -0.329899
-0.152073 0.331230 -0.356572
-0.130262 0.312685 -0.381120
-0.116200 0.342660 -0.359267
-0.099607 0.370187 -0.336195
-0.193181 0.363097 -0.301322
-0.156695 0.376168 -0.306461
-0.119274 0.386914 -0.309921
-0.138541 0.401759 -0.281726
-0.157239 0.414508 -0.251838
-0.373074 0.312024 -0.153066
-0.359377 0.307625 -0.190202
-0.343688 0.301092 -0.226250
-0.326238 0.292264 -0.260993
-0.330039 0.330025 -0.205244
-0.314398 0.357113 -0.183287
-0.298653 0.350720 -0.218531
-0.307216 0.281100 -0.294224
-0.286757 0.267681 -0.325706
-0.264911 0.252175 -0.355233
-0.254855 0.285911 -0.336557
-0.242755 0.317931 -0.316159
-0.265463 0.369696 -0.229830
-0.281369 0.342075 -0.252543
-0.295310 0.312494 -0.274027
-0.262690 0.331118 -0.285167
-0.228537 0.348032 -0.294269
-0.247772 0.395149 -0.206001
-0.230677 0.386760 -0.239109
-0.212429 0.376060 -0.270963
-0.194526 0.401767 -0.246400
-0.175158 0.425021 -0.220560
-0.384506 0.314490 -0.114988
-0.357595 0.338745 -0.131719
-0.328358 0.361299 -0.147031
-0.296926 0.382153 -0.160507
-0.340269 0.363490 -0.109869
-0.349801 0.363938 -0.071850
-0.321320 0.386070 -0.087715
-0.263581 0.401182 -0.171863
-0.228533 0.418276 -0.181089
-0.192158 0.433176 -0.188169
-0.208048 0.438942 -0.154988
-0.222723 0.442326 -0.121401
-0.301036 0.406321 -0.065458
-0.290441 0.406580 -0.101564
-0.277852 0.404971 -0.137025
-0.257426 0.425440 -0.112810
-0.235989 0.443424 -0.087687
-0.309060 0.404553 -0.028641
-0.279727 0.424151 -0.043233
-0.247762 0.442383 -0.054168
-0.257802 0.439479 -0.021012
-0.265564 0.435189 0.012205
0.036130 0.261349 0.436456
0.069054 0.251597 0.438151
0.091293 0.272325 0.421340
0.076993 0.302662 0.403094
0.113286 0.292452 0.402048
0.101712 0.239602 0.438485
0.134503 0.225889 0.436929
0.135030 0.311601 0.380329
0.119264 0.341116 0.359717
0.156466 0.329440 0.356327
0.177297 0.345719 0.330180
0.160393 0.373741 0.307493
0.197340 0.360227 0.302078
0.192559 0.315447 0.351259
0.205753 0.283153 0.370789
0.227477 0.299567 0.344224
0.167210 0.210688 0.433169
0.159345 0.245999 0.417230
0.148588 0.279797 0.399536
0.183055 0.265208 0.395145
0.216649 0.249023 0.388612
0.199603 0.194158 0.427132
0.225143 0.213304 0.404687
0.249226 0.231415 0.379874
0.231304 0.176465 0.418730
0.261991 0.157771 0.407962
0.216402 0.372755 0.272355
0.198435 0.398721 0.248231
0.234388 0.383219 0.241206
0.251020 0.391521 0.209039
0.231886 0.415065 0.184289
0.266172 0.397684 0.176081
0.269014 0.365727 0.232060
0.285559 0.337744 0.253650
0.302095 0.346501 0.220576
0.279687 0.401740 0.142780
0.259632 0.422539 0.118617
0.291517 0.403825 0.109395
0.301435 0.404207 0.076162
0.280905 0.422051 0.055135
0.308946 0.403493 0.042657
0.321466 0.383996 0.096079
0.340611 0.361383 0.115708
0.348722 0.363554 0.078994
0.333340 0.325790 0.206694
0.316919 0.353238 0.186474
0.298935 0.378593 0.165227
0.329847 0.358157 0.151478
0.358529 0.336505 0.135016
0.347946 0.296408 0.225937
0.362492 0.303770 0.190525
0.374806 0.309492 0.153981
0.384626 0.313848 0.116401
0.389328 0.280521 0.172355
0.401772 0.249862 0.190014
0.413690 0.256025 0.152592
0.291370 0.138255 0.394916
0.286989 0.175953 0.382945
0.280561 0.212616 0.368848
0.271948 0.248042 0.352829
0.310425 0.192808 0.355544
0.338574 0.172072 0.340191
0.332285 0.207970 0.326022
0.261107 0.281991 0.335072
0.248096 0.314233 0.315714
0.233118 0.344552 0.294806
0.267527 0.326990 0.285406
0.300341 0.307823 0.273844
0.352538 0.221301 0.294468
0.323823 0.242676 0.310158
0.293291 0.262984 0.323709
0.313168 0.276058 0.292720
0.331445 0.287201 0.260056
0.379189 0.198852 0.276847
0.370987 0.232687 0.261141
0.360560 0.265275 0.244085
0.387475 0.242163 0.226238
0.412032 0.217827 0.206724
0.319136 0.118093 0.379691
0.342733 0.135178 0.352447
0.364784 0.150622 0.322834
0.345024 0.097518 0.362516
0.368859 0.076679 0.343589
0.385142 0.164020 0.291071
0.403623 0.175325 0.257506
0.420054 0.184638 0.222345
0.434174 0.192120 0.185889
0.425670 0.150703 0.236763
0.428995 0.116399 0.249774
0.445244 0.124711 0.214920
0.390428 0.055755 0.323190
0.390558 0.092388 0.314519
0.388884 0.128508 0.303678
0.410688 0.105714 0.283081
0.430129 0.081964 0.261296
0.409635 0.034929 0.301678
0.429145 0.047803 0.271242
0.446986 0.056849 0.238706
0.426345 0.014083 0.279408
0.440588 -0.007569 0.256706
0.331808 0.386524 0.023447
0.352875 0.368103 0.002917
0.372579 0.347638 -0.018384
0.353115 0.365615 0.041184
0.373084 0.342487 0.059472
0.390777 0.325075 -0.040126
0.407252 0.300443 -0.061987
0.421760 0.273980 -0.083824
0.434131 0.245800 -0.105270
0.428476 0.272760 -0.044464
0.432010 0.270755 -0.004687
0.447139 0.243549 -0.026524
0.391480 0.317288 0.077865
0.394940 0.320193 0.038638
0.394704 0.322803 -0.000864
0.414591 0.296317 0.017151
0.432255 0.268119 0.035263
0.408175 0.290015 0.096191
0.429158 0.264881 0.075000
0.447628 0.238261 0.053216
0.422895 0.260932 0.114173
0.435491 0.230197 0.131636
0.444207 0.216187 -0.126145
0.451896 0.185417 -0.146228
0.457144 0.153822 -0.165339
0.459942 0.121750 -0.183354
0.468854 0.154117 -0.127988
0.477855 0.153341 -0.089977
0.482919 0.121213 -0.109869
0.460346 0.089538 -0.200141
0.458428 0.057577 -0.215755
0.454230 0.026202 -0.230289
0.447478 -0.004413 -0.244581
0.468960 0.024706 -0.198714
0.481769 0.022684 -0.165489
0.475597 -0.009871 -0.183642
0.493896 0.086955 -0.092086
0.485260 0.088536 -0.129043
0.474056 0.089540 -0.165070
0.484914 0.055617 -0.147474
0.492410 0.020433 -0.130780
0.499779 0.084945 -0.054458
0.501697 0.051632 -0.074772
0.500656 0.018036 -0.094850
0.496535 -0.015441 -0.114881
0.506323 0.015564 -0.058023
0.509285 0.013083 -0.020646
0.507749 -0.020797 -0.041568
0.445774 0.198112 0.148338
0.454642 0.202958 0.109899
0.460597 0.206903 0.070783
0.463503 0.210105 0.031213
0.471066 0.174245 0.087769
0.478946 0.140561 0.104039
0.484669 0.144102 0.065557
0.463280 0.212760 -0.008520
0.459933 0.214735 -0.048152
0.453528 0.215909 -0.087446
0.470180 0.184578 -0.069384
0.484033 0.151793 -0.051359
0.495359 0.112669 0.043505
0.487433 0.147148 0.026651
0.476729 0.180566 0.009274
0.487239 0.149700 -0.012405
0.494937 0.117689 -0.033683
0.500391 0.077444 0.059804
0.503059 0.080152 0.021779
0.502845 0.082650 -0.016429
0.507714 0.046845 0.000422
0.509464 0.010576 0.016916
0.453662 0.165002 0.164151
0.470363 0.136361 0.141887
0.484174 0.106141 0.119522
0.459089 0.131189 0.178904
0.462062 0.097033 0.192531
0.494918 0.074516 0.097366
0.502500 0.041758 0.075614
0.506909 0.008214 0.054301
0.508129 -0.025691 0.033297
0.501637 0.005855 0.091133
0.493791 0.003545 0.127072
0.497700 -0.029926 0.106687
0.462647 0.062949 0.204988
0.475914 0.067521 0.170114
0.486717 0.071265 0.134206
0.486537 0.036216 0.148197
0.483553 0.001244 0.161799
0.460869 0.029223 0.216260
0.471148 -0.001106 0.195041
0.477560 -0.033385 0.175606
0.456814 -0.003764 0.226611
0.450229 -0.035934 0.236841
0.453882 -0.067129 0.222603
0.468060 -0.067120 0.190885
0.480399 -0.066398 0.157525
0.454875 -0.098774 0.208217
0.453569 -0.130819 0.192784
0.490599 -0.065222 0.122706
0.498408 -0.063643 0.086708
0.503654 -0.061721 0.049788
0.506221 -0.059555 0.012413
0.496057 -0.097187 0.066750
0.485336 -0.131628 0.084244
0.490758 -0.130232 0.046529
0.449920 -0.162880 0.176159
0.466594 -0.132192 0.157503
0.480212 -0.099486 0.139611
0.477235 -0.132346 0.121298
0.471573 -0.164673 0.102295
0.443874 -0.194619 0.158361
0.454868 -0.196113 0.120837
0.463278 -0.196257 0.082622
0.435441 -0.225656 0.139516
0.424589 -0.255740 0.119657
0.506024 -0.057091 -0.025133
0.503086 -0.054424 -0.062560
0.497435 -0.051502 -0.099388
0.489224 -0.048371 -0.135285
0.495284 -0.087392 -0.083843
0.490164 -0.122810 -0.067930
0.484356 -0.119306 -0.105537
0.478635 -0.045008 -0.169957
0.465904 -0.041363 -0.203092
0.451301 -0.037214 -0.234537
0.434920 -0.031712 -0.264407
0.452488 -0.070533 -0.224278
0.451352 -0.104385 -0.213042
0.435696 -0.096665 -0.246654
0.470375 -0.149793 -0.127602
0.475853 -0.115208 -0.142378
0.478641 -0.080202 -0.156401
0.464780 -0.110378 -0.178253
0.447875 -0.138420 -0.200571
0.462267 -0.183682 -0.111973
0.453445 -0.178562 -0.149879
0.442012 -0.172259 -0.186877
0.428141 -0.164356 -0.222855
0.433741 -0.205569 -0.171987
0.423077 -0.237974 -0.155970
0.411390 -0.230771 -0.193573
0.411450 -0.284371 0.099044
0.433235 -0.256434 0.080716
0.452415 -0.226750 0.062215
0.468903 -0.195377 0.043859
0.439066 -0.255905 0.041226
0.423330 -0.283491 0.019811
0.441918 -0.254292 0.001387
0.482588 -0.162460 0.025908
0.493400 -0.128267 0.008396
0.501234 -0.093047 -0.008588
0.493189 -0.125791 -0.029885
0.482196 -0.157449 -0.051485
0.441707 -0.251730 -0.038511
0.457981 -0.223450 -0.016744
0.471647 -0.193624 0.004772
0.471447 -0.191097 -0.034409
0.468299 -0.187807 -0.073414
0.422898 -0.278360 -0.060332
0.438437 -0.248229 -0.078232
0.451594 -0.216585 -0.095490
0.432158 -0.243704 -0.117480
0.410148 -0.269101 -0.139026
0.396134 -0.311427 0.077862
0.402299 -0.310929 0.038229
0.405323 -0.309325 -0.001814
0.378807 -0.336624 0.056335
0.359682 -0.359738 0.034691
0.405104 -0.306759 -0.041974
0.401622 -0.303255 -0.081896
0.395040 -0.298654 -0.121259
0.385581 -0.292860 -0.159772
0.377911 -0.326460 -0.102871
0.358990 -0.352183 -0.084082
0.351753 -0.348095 -0.122805
0.338986 -0.380677 0.013206
0.363127 -0.357916 -0.004864
0.385158 -0.333295 -0.023387
0.362895 -0.355386 -0.044641
0.338525 -0.375690 -0.065171
0.316956 -0.399370 -0.007843
0.316719 -0.396935 -0.046370
0.311800 -0.394548 -0.084405
0.293724 -0.415909 -0.028072
0.268858 -0.430791 -0.046952
0.418331 -0.051819 -0.286980
0.399305 -0.070908 -0.309108
0.377816 -0.089771 -0.330451
0.418142 -0.085775 -0.278962
0.416153 -0.120024 -0.269092
0.353958 -0.108479 -0.350617
0.327865 -0.126919 -0.369290
0.299723 -0.144907 -0.386183
0.269744 -0.162311 -0.401053
0.322232 -0.164437 -0.359302
0.343371 -0.182108 -0.330007
0.314815 -0.201001 -0.347047
0.412082 -0.154318 -0.257588
0.394173 -0.141754 -0.290730
0.374708 -0.126397 -0.321881
0.369874 -0.162378 -0.311137
0.363056 -0.197628 -0.298505
0.405832 -0.188392 -0.244511
0.381109 -0.210856 -0.265078
0.354086 -0.231953 -0.284206
0.397308 -0.221833 -0.230012
0.386532 -0.254309 -0.214209
0.238271 -0.178897 -0.413735
0.205530 -0.194559 -0.424114
0.171902 -0.209122 -0.432079
0.137717 -0.222443 -0.437651
0.196043 -0.230987 -0.410099
0.218911 -0.251589 -0.385677
0.184353 -0.266000 -0.393977
0.103339 -0.234392 -0.440886
0.069077 -0.244831 -0.441927
0.035177 -0.253534 -0.441037
0.001210 -0.259997 -0.438714
0.055701 -0.276710 -0.424672
0.076095 -0.299264 -0.405753
0.038696 -0.305830 -0.406184
0.170442 -0.299250 -0.375970
0.148954 -0.278909 -0.399996
0.126676 -0.257182 -0.421642
0.112846 -0.290099 -0.403850
0.096516 -0.320784 -0.384404
0.191163 -0.318020 -0.349692
0.154426 -0.330531 -0.356188
0.116718 -0.340973 -0.360677
0.078155 -0.348991 -0.363423
0.136553 -0.359533 -0.334721
0.155818 -0.376195 -0.306824
0.117278 -0.386116 -0.311618
0.373574 -0.285487 -0.197244
0.359285 -0.276324 -0.233490
0.343024 -0.265138 -0.268327
0.324993 -0.251814 -0.301534
0.329819 -0.296881 -0.251090
0.314605 -0.326943 -0.232589
0.298277 -0.316026 -0.266685
0.305414 -0.236385 -0.332864
0.284390 -0.218936 -0.362150
0.262004 -0.199658 -0.389159
0.252336 -0.235852 -0.375051
0.240604 -0.270605 -0.358950
0.264877 -0.333694 -0.280090
0.280356 -0.302975 -0.299258
0.293929 -0.270468 -0.316881
0.261112 -0.287806 -0.330064
0.226797 -0.303705 -0.341004
0.247562 -0.362417 -0.259483
0.229850 -0.349747 -0.291217
0.211022 -0.334884 -0.321363
0.193442 -0.363993 -0.300085
0.174400 -0.390809 -0.277156
0.358553 -0.315061 -0.179288
0.329156 -0.335775 -0.197164
0.297544 -0.355086 -0.212959
0.341655 -0.342754 -0.160519
0.323064 -0.368350 -0.141128
0.263959 -0.372867 -0.226419
0.228668 -0.388975 -0.237418
0.192029 -0.403174 -0.246046
0.154249 -0.415229 -0.252500
0.208560 -0.413214 -0.213832
0.223839 -0.420922 -0.180844
0.187583 -0.435041 -0.188495
0.303171 -0.391619 -0.121280
0.292033 -0.387293 -0.157188
0.278855 -0.381121 -0.192219
0.258815 -0.404882 -0.170467
0.237707 -0.426328 -0.147438
0.282220 -0.412493 -0.101090
0.250043 -0.429550 -0.113943
0.216068 -0.445293 -0.122636
0.260594 -0.430854 -0.080546
0.238742 -0.446762 -0.058955
0.207637 -0.461558 -0.062387
0.194821 -0.461559 -0.095000
0.181088 -0.459136 -0.128040
0.175162 -0.474546 -0.064358
0.141077 -0.485576 -0.065661
0.166256 -0.454283 -0.161112
0.150339 -0.446950 -0.193925
0.133407 -0.437130 -0.226022
0.115567 -0.424870 -0.257084
0.112239 -0.456378 -0.197663
0.091263 -0.472892 -0.167367
0.073534 -0.463162 -0.200054
0.105577 -0.494377 -0.066544
0.124859 -0.484166 -0.099899
0.145183 -0.470733 -0.131573
0.108345 -0.479906 -0.133895
0.070712 -0.486465 -0.135349
0.068948 -0.500729 -0.067072
0.050793 -0.497000 -0.101846
0.032487 -0.490287 -0.136111
0.031509 -0.504426 -0.067283
-0.006348 -0.505379 -0.067187
0.096993 -0.410276 -0.286755
0.077875 -0.393478 -0.314763
0.058416 -0.374676 -0.340849
0.038833 -0.354070 -0.364824
0.037878 -0.397918 -0.316534
0.016984 -0.418752 -0.290390
-0.002482 -0.399217 -0.317163
0.019378 -0.332018 -0.386508
0.000357 -0.308667 -0.405870
-0.017970 -0.284202 -0.423022
-0.034858 -0.258235 -0.438402
-0.038299 -0.306766 -0.405518
-0.059248 -0.328168 -0.385723
-0.076211 -0.300185 -0.405081
-0.042838 -0.397240 -0.316755
-0.021868 -0.377566 -0.341967
-0.001002 -0.355842 -0.365187
-0.040939 -0.353876 -0.364792
-0.080392 -0.348255 -0.363656
-0.063611 -0.414789 -0.289597
-0.082861 -0.391998 -0.315339
-0.101454 -0.366817 -0.339286
-0.119006 -0.339303 -0.361510
-0.122214 -0.383660 -0.312784
-0.142420 -0.398485 -0.284374
-0.160674 -0.372484 -0.308854
-0.044279 -0.503521 -0.066772
-0.025410 -0.498927 -0.101915
-0.006085 -0.491254 -0.136288
0.013808 -0.480643 -0.169503
-0.044619 -0.489371 -0.135891
-0.082926 -0.484647 -0.134915
-0.064080 -0.476836 -0.168704
0.034299 -0.467151 -0.201377
0.055185 -0.450843 -0.231600
0.076172 -0.431874 -0.260046
0.036260 -0.436000 -0.261819
-0.003914 -0.437121 -0.262430
-0.083835 -0.461370 -0.200170
-0.044649 -0.466258 -0.201414
-0.005172 -0.468189 -0.201816
-0.024527 -0.452988 -0.232718
-0.044073 -0.435151 -0.262031
-0.122484 -0.453589 -0.198032
-0.103620 -0.443074 -0.230010
-0.083943 -0.430108 -0.260615
-0.123223 -0.422091 -0.258080
-0.161740 -0.411270 -0.254281
-0.081864 -0.498890 -0.066089
-0.101087 -0.489583 -0.100280
-0.120633 -0.477092 -0.133359
-0.118789 -0.491551 -0.065104
-0.154666 -0.481653 -0.063805
-0.140438 -0.461544 -0.164942
-0.160374 -0.443038 -0.194843
-0.180105 -0.421751 -0.222828
-0.199250 -0.397862 -0.248933
-0.197313 -0.429891 -0.190348
-0.213244 -0.435655 -0.157206
-0.233186 -0.414316 -0.184191
-0.189190 -0.469403 -0.062171
-0.173599 -0.469536 -0.096780
-0.157448 -0.466888 -0.131125
-0.193234 -0.454148 -0.128043
-0.227829 -0.439057 -0.123771
-0.222081 -0.455058 -0.060152
-0.241066 -0.440146 -0.090415
-0.261237 -0.421809 -0.117648
-0.253164 -0.438909 -0.057506
-0.282666 -0.421085 -0.053439
-0.310881 -0.402192 -0.040826
-0.303361 -0.403041 -0.074633
-0.293393 -0.402759 -0.108265
-0.281462 -0.400744 -0.142056
-0.323553 -0.382531 -0.094782
-0.350918 -0.361722 -0.077512
-0.342807 -0.359654 -0.114572
-0.267759 -0.396692 -0.175813
-0.252428 -0.390521 -0.209145
-0.235584 -0.382128 -0.241749
-0.217352 -0.371522 -0.273263
-0.270544 -0.364361 -0.232378
-0.303918 -0.344806 -0.220704
-0.287172 -0.336004 -0.254157
-0.360750 -0.334439 -0.134090
-0.331979 -0.356420 -0.150748
-0.300842 -0.377281 -0.164737
-0.318919 -0.351572 -0.186181
-0.335387 -0.323719 -0.206586
-0.386967 -0.311381 -0.115227
-0.377114 -0.307054 -0.153217
-0.364666 -0.301346 -0.190176
-0.349982 -0.293976 -0.225959
-0.391584 -0.277732 -0.171736
-0.415942 -0.252872 -0.151708
-0.403964 -0.246724 -0.189482
-0.198015 -0.358809 -0.303310
-0.177675 -0.344101 -0.331622
-0.156551 -0.327541 -0.358024
-0.134864 -0.309403 -0.382184
-0.192986 -0.313428 -0.352826
-0.228224 -0.297328 -0.345648
-0.206161 -0.280685 -0.372373
-0.112812 -0.289953 -0.403979
-0.090600 -0.269533 -0.423295
-0.068121 -0.248466 -0.440124
-0.100995 -0.236448 -0.440352
-0.134040 -0.222650 -0.438701
-0.217073 -0.246150 -0.390202
-0.183174 -0.262516 -0.396850
-0.148449 -0.277209 -0.401354
-0.159193 -0.243040 -0.419017
-0.167003 -0.207306 -0.434857
-0.249902 -0.228334 -0.381262
-0.225508 -0.210086 -0.406160
-0.199650 -0.190696 -0.428659
-0.231584 -0.172860 -0.420052
-0.262447 -0.154021 -0.409084
-0.414098 -0.214297 -0.206281
-0.389516 -0.239011 -0.226082
-0.362500 -0.262492 -0.244211
-0.333265 -0.284712 -0.260448
-0.372845 -0.229500 -0.261299
-0.380894 -0.195315 -0.277012
-0.354146 -0.218018 -0.294943
-0.301976 -0.305650 -0.274496
-0.268863 -0.325104 -0.286310
-0.234152 -0.342923 -0.295866
-0.249159 -0.312192 -0.316884
-0.262153 -0.279535 -0.336293
-0.333667 -0.204614 -0.326721
-0.325329 -0.239732 -0.310883
-0.314748 -0.273480 -0.293430
-0.294568 -0.260294 -0.324691
-0.272946 -0.245179 -0.354045
-0.339771 -0.168413 -0.340791
-0.311504 -0.189319 -0.356490
-0.281435 -0.209346 -0.370018
-0.287730 -0.172353 -0.383998
-0.291985 -0.134323 -0.395810
-0.436105 -0.188327 -0.185194
-0.421912 -0.180851 -0.221941
-0.405335 -0.171543 -0.257364
-0.386648 -0.160186 -0.291227
-0.427325 -0.146660 -0.236325
-0.446744 -0.120421 -0.214242
-0.430420 -0.112066 -0.249329
-0.366062 -0.146705 -0.323181
-0.343759 -0.131221 -0.352958
-0.319840 -0.113976 -0.380343
-0.345820 -0.093264 -0.362884
-0.369646 -0.072269 -0.343692
-0.431250 -0.077460 -0.260813
-0.411936 -0.101345 -0.282888
-0.390164 -0.124346 -0.303778
-0.391592 -0.088025 -0.314497
-0.391178 -0.051240 -0.323026
-0.447935 -0.052202 -0.237991
-0.429983 -0.043139 -0.270690
-0.410299 -0.030249 -0.301262
-0.426914 -0.009300 -0.278748
-0.440975 0.012403 -0.255849
-0.333836 -0.384894 -0.021433
-0.355281 -0.363659 -0.039293
-0.375324 -0.340291 -0.057720
-0.354946 -0.366100 -0.000705
-0.374643 -0.345265 0.020802
-0.393810 -0.314761 -0.076306
-0.410506 -0.287184 -0.094781
-0.425194 -0.257757 -0.112909
-0.437650 -0.226706 -0.130487
-0.431423 -0.261652 -0.073354
-0.434435 -0.264816 -0.033286
-0.449728 -0.234636 -0.051351
-0.392783 -0.322306 0.042710
-0.396862 -0.320111 0.003144
-0.397206 -0.317584 -0.036693
-0.416782 -0.293322 -0.015011
-0.434088 -0.267373 0.006970
-0.409130 -0.297313 0.064741
-0.430384 -0.269306 0.047040
-0.449033 -0.239783 0.028952
-0.423466 -0.270434 0.086640
-0.435616 -0.241892 0.108155
-0.447779 -0.194329 -0.147291
-0.455458 -0.160951 -0.163158
-0.460652 -0.126909 -0.177957
-0.463358 -0.092554 -0.191599
-0.471949 -0.132059 -0.140645
-0.480492 -0.136252 -0.102541
-0.485459 -0.101688 -0.118075
-0.463666 -0.058308 -0.204030
-0.461590 -0.024481 -0.215291
-0.457243 0.008599 -0.225605
-0.450342 0.040855 -0.235774
-0.471593 0.005936 -0.193867
-0.483993 0.003587 -0.160435
-0.477678 0.038277 -0.174260
-0.495909 -0.069863 -0.095737
-0.487755 -0.066629 -0.132799
-0.476962 -0.062894 -0.168942
-0.487281 -0.031462 -0.146822
-0.494223 0.001307 -0.125575
-0.501300 -0.072768 -0.057940
-0.503142 -0.036962 -0.073848
-0.502013 -0.000998 -0.089370
-0.497747 0.034848 -0.105002
-0.507159 -0.003335 -0.052431
-0.509619 -0.005716 -0.014920
-0.507971 0.030644 -0.031359
-0.445418 -0.211939 0.129033
-0.454923 -0.211820 0.090162
-0.461535 -0.210665 0.050681
-0.465027 -0.208759 0.010774
-0.471494 -0.180195 0.071941
-0.478840 -0.148706 0.092569
-0.485165 -0.147260 0.053795
-0.465378 -0.206217 -0.029208
-0.462563 -0.203040 -0.069085
-0.456650 -0.199140 -0.108522
-0.472850 -0.170148 -0.086169
-0.486172 -0.139762 -0.063771
-0.495869 -0.113065 0.035973
-0.488522 -0.145235 0.014653
-0.478314 -0.176379 -0.007137
-0.488858 -0.142734 -0.024629
-0.496526 -0.108089 -0.041571
-0.500328 -0.080098 0.056778
-0.503528 -0.077875 0.018557
-0.503869 -0.075428 -0.019757
-0.508116 -0.042018 0.001642
-0.509297 -0.008131 0.022741
-0.452799 -0.180878 0.149081
-0.469643 -0.149386 0.130729
-0.483505 -0.116396 0.112397
-0.457714 -0.149024 0.168129
-0.460144 -0.116762 0.186041
-0.494281 -0.082025 0.094503
-0.501855 -0.046639 0.077094
-0.506199 -0.010556 0.060193
-0.507345 0.025804 0.043638
-0.500393 -0.012952 0.097095
-0.491989 -0.015290 0.133043
-0.495853 0.020560 0.117008
-0.460199 -0.084380 0.202728
-0.474093 -0.084445 0.167614
-0.485495 -0.083540 0.131513
-0.484749 -0.050482 0.149868
-0.481203 -0.017481 0.167756
-0.457923 -0.052298 0.218156
-0.468260 -0.019436 0.200982
-0.474645 0.015115 0.185738
-0.453377 -0.020855 0.232505
-0.446292 0.009796 0.246575
-0.433420 0.037087 0.266170
-0.449867 0.042515 0.236340
-0.464577 0.046601 0.204982
-0.477427 0.050183 0.171895
-0.450825 0.075741 0.225926
-0.433731 0.101811 0.248048
-0.449469 0.109466 0.214525
-0.488142 0.053489 0.137274
-0.496468 0.056601 0.101387
-0.502265 0.059437 0.064564
-0.505334 0.062087 0.027125
-0.494044 0.092378 0.085743
-0.482731 0.124193 0.107274
-0.488672 0.127693 0.069737
-0.445733 0.143314 0.201913
-0.462962 0.115351 0.179851
-0.477171 0.085280 0.158198
-0.474123 0.120165 0.144048
-0.468393 0.154597 0.129159
-0.425728 0.169129 0.223911
-0.439641 0.176981 0.188078
-0.451155 0.183240 0.151213
-0.460056 0.188309 0.113429
-0.431155 0.210055 0.173053
-0.408565 0.235059 0.194404
-0.420300 0.242213 0.157005
-0.505660 0.064521 -0.010480
-0.503203 0.066676 -0.047925
-0.498058 0.068564 -0.084942
-0.490321 0.070118 -0.121066
-0.495281 0.102122 -0.064981
-0.489614 0.135087 -0.044707
-0.484291 0.136472 -0.082481
-0.480184 0.071298 -0.156019
-0.467910 0.072028 -0.189505
-0.453692 0.072020 -0.221443
-0.454411 0.103643 -0.206847
-0.452778 0.135658 -0.191289
-0.470257 0.169406 -0.100581
-0.476290 0.137185 -0.119594
-0.479630 0.104397 -0.137953
-0.465733 0.137033 -0.155902
-0.448778 0.167662 -0.174558
-0.461571 0.200927 -0.080857
-0.453309 0.200745 -0.119103
-0.442390 0.199284 -0.156682
-0.433602 0.230199 -0.137730
-0.422441 0.260028 -0.117843
-0.407174 0.273098 0.139987
-0.429438 0.247934 0.118661
-0.449135 0.221021 0.096900
-0.466172 0.192423 0.074991
-0.435771 0.252464 0.079584
-0.420033 0.282364 0.061648
-0.439105 0.256003 0.040012
-0.480419 0.162234 0.053164
-0.491827 0.130645 0.031700
-0.500257 0.097980 0.010492
-0.492141 0.133118 -0.006559
-0.481045 0.167229 -0.024052
-0.439440 0.258572 0.000207
-0.455726 0.227907 0.018372
-0.469419 0.195691 0.036053
-0.469732 0.198223 -0.003027
-0.467110 0.200005 -0.042107
-0.420647 0.287567 -0.018205
-0.436686 0.260189 -0.039555
-0.450390 0.231229 -0.060465
-0.430972 0.260780 -0.078968
-0.408987 0.288509 -0.097266
-0.382427 0.296584 0.160503
-0.391898 0.302419 0.122196
-0.398529 0.307004 0.083052
-0.402083 0.310502 0.043308
-0.374641 0.329913 0.103833
-0.348360 0.351227 0.123573
-0.355614 0.355364 0.085099
-0.402371 0.313148 0.003310
-0.399392 0.314810 -0.036605
-0.393391 0.315314 -0.076113
-0.375819 0.340232 -0.054635
-0.356479 0.363060 -0.033081
-0.335063 0.378623 0.066248
-0.359546 0.358619 0.045875
-0.381983 0.336836 0.024765
-0.359842 0.361201 0.006301
-0.335623 0.383698 -0.011706
-0.308280 0.397114 0.085323
-0.313206 0.399582 0.047525
-0.313487 0.402074 0.009217
-0.290197 0.418296 0.029328
-0.265309 0.432865 0.048087
-0.416580 0.057170 0.288522
-0.416151 0.090989 0.280288
-0.413938 0.125071 0.270215
-0.397326 0.076165 0.310407
-0.375652 0.094921 0.331480
-0.409661 0.159180 0.258514
-0.403193 0.192996 0.245290
-0.394478 0.226170 0.230666
-0.383529 0.258356 0.214773
-0.378297 0.215255 0.265577
-0.360284 0.202101 0.298875
-0.351173 0.236135 0.284400
-0.351649 0.113496 0.351356
-0.372333 0.131358 0.322678
-0.391765 0.146668 0.291563
-0.367290 0.167135 0.311695
-0.340673 0.186657 0.330268
-0.325449 0.131771 0.369728
-0.319600 0.169048 0.359500
-0.312048 0.205313 0.347049
-0.297244 0.149589 0.386322
-0.267252 0.166797 0.400903
-0.370414 0.289229 0.197737
-0.355276 0.318469 0.179777
-0.338271 0.345861 0.161037
-0.319608 0.371130 0.141726
-0.325804 0.338898 0.197420
-0.311318 0.330071 0.232604
-0.294178 0.357866 0.212959
-0.299688 0.394115 0.121921
-0.278696 0.414697 0.101870
-0.257044 0.432804 0.081503
-0.235233 0.448484 0.060008
-0.246557 0.431387 0.114595
-0.234318 0.428078 0.147815
-0.212701 0.446762 0.123188
-0.260665 0.375286 0.226252
-0.275461 0.383530 0.192373
-0.288571 0.389729 0.157574
-0.255416 0.406941 0.170707
-0.220559 0.422631 0.180908
-0.244393 0.364869 0.259049
-0.225518 0.391051 0.237057
-0.205402 0.414928 0.213584
-0.184477 0.436386 0.188442
-0.189038 0.404935 0.245482
-0.171591 0.392665 0.276300
-0.151514 0.416682 0.251760
-0.235773 0.183213 0.413296
-0.259393 0.203828 0.388745
-0.281611 0.223033 0.361828
-0.302507 0.240390 0.332671
-0.249561 0.239731 0.374429
-0.216260 0.255219 0.384772
-0.237781 0.274081 0.358178
-0.322003 0.255746 0.301471
-0.339944 0.268962 0.268438
-0.356168 0.280094 0.233795
-0.326628 0.300370 0.251118
-0.295085 0.319203 0.266462
-0.223939 0.306745 0.340158
-0.258173 0.291160 0.329453
-0.290925 0.274104 0.316537
-0.277309 0.306224 0.298820
-0.261742 0.336551 0.279631
-0.188477 0.320851 0.348571
-0.208145 0.337577 0.320446
-0.226834 0.352291 0.290521
-0.190597 0.366254 0.299166
-0.153218 0.378191 0.305705
-0.203096 0.198668 0.423378
-0.193555 0.234766 0.409140
-0.181896 0.269396 0.392805
-0.169584 0.213028 0.431081
-0.135544 0.226187 0.436414
-0.167945 0.302284 0.374692
-0.151933 0.333134 0.354824
-0.134136 0.361706 0.333398
-0.114939 0.387857 0.310346
-0.114505 0.343347 0.359122
-0.094475 0.323374 0.382746
-0.076209 0.351156 0.361756
-0.101339 0.237996 0.439404
-0.124486 0.260555 0.420237
-0.146582 0.282084 0.398633
-0.110742 0.293084 0.402274
-0.074289 0.302045 0.404028
-0.067285 0.248261 0.440297
-0.053982 0.279778 0.422886
-0.037090 0.308517 0.404299
-0.033575 0.256855 0.439254
0.000133 0.263200 0.436848
0.019216 0.287084 0.421035
0.001023 0.311233 0.403925
-0.017902 0.334302 0.384604
0.039370 0.309266 0.403519
0.060135 0.330286 0.383780
-0.037190 0.356108 0.363032
-0.056584 0.376429 0.339235
-0.075840 0.394999 0.313365
-0.094709 0.411613 0.285587
-0.036176 0.399261 0.315052
0.003801 0.400431 0.315623
-0.015439 0.419703 0.289107
0.081031 0.350028 0.361798
0.041910 0.355695 0.362931
0.002327 0.357722 0.363345
0.023017 0.379066 0.340240
0.043788 0.398380 0.315176
0.101856 0.368292 0.337590
0.083369 0.393125 0.313783
0.064325 0.415592 0.288285
0.122340 0.384815 0.311328
0.142276 0.399388 0.283195
-0.113110 0.426057 0.256228
-0.130733 0.438222 0.225488
-0.147482 0.447999 0.193719
-0.163234 0.455343 0.161271
-0.109713 0.457157 0.197349
-0.071320 0.463695 0.199680
-0.088845 0.473365 0.167345
-0.177910 0.460262 0.128501
-0.191524 0.462776 0.095762
-0.204218 0.462948 0.063409
-0.171924 0.475601 0.065342
-0.138078 0.486314 0.066623
-0.068462 0.486703 0.135644
-0.105715 0.480424 0.134217
-0.142230 0.471535 0.131958
-0.122035 0.484758 0.100556
-0.102878 0.494824 0.067502
-0.030604 0.490339 0.136392
-0.048673 0.497092 0.102500
-0.066580 0.500907 0.068020
-0.029577 0.504409 0.068260
0.007865 0.505229 0.068216
0.161338 0.411954 0.253447
0.123282 0.422662 0.257155
0.084399 0.430608 0.259625
0.045012 0.435666 0.260999
0.103865 0.443370 0.229357
0.122507 0.453703 0.197762
0.084316 0.461443 0.199826
0.005267 0.437745 0.261383
-0.034503 0.436753 0.260807
-0.074039 0.432814 0.259151
-0.053177 0.451433 0.230946
-0.032492 0.467463 0.200977
0.064879 0.476761 0.168699
0.045555 0.466354 0.200967
0.025683 0.453319 0.231970
0.006574 0.468363 0.201356
-0.012188 0.480722 0.169448
0.083464 0.484457 0.135306
0.045654 0.489220 0.136198
0.007528 0.491158 0.136597
0.026672 0.498730 0.102605
0.045352 0.503286 0.067866
0.179463 0.422273 0.222383
0.159908 0.443278 0.194671
0.140230 0.461551 0.165138
0.196444 0.430316 0.190314
0.212165 0.436051 0.157599
0.120674 0.476974 0.133833
0.101400 0.489356 0.101064
0.082460 0.498658 0.067236
0.118880 0.491366 0.066321
0.154321 0.481600 0.065104
0.226570 0.439490 0.124583
0.192370 0.454334 0.128723
0.157041 0.466883 0.131695
0.172975 0.469607 0.097776
0.188391 0.469573 0.063530
0.239657 0.440670 0.091645
0.220918 0.455452 0.061621
0.251643 0.439578 0.059112
