0.065747 0.398902 0.504004 
0.039613 -0.135572 0.454903 
0.058364 0.448071 -0.374594 
0.026764 -0.089485 -0.343826 
0.346419 0.586217 0.072495 
-0.201267 0.604130 0.076863 
0.233716 -0.255496 0.012897 
-0.163098 -0.027784 0.087730 
0.497100 0.115946 0.320354 
-0.379352 0.153397 0.319003 
0.485196 0.144911 -0.226265 
-0.378407 0.180734 -0.209382 
0.300058 -0.040826 0.450758 
0.053285 0.122543 0.562369 
0.318654 0.276595 0.473967 
0.172729 -0.259077 0.254296 
0.436237 -0.124609 0.183502 
-0.102608 -0.227581 0.228754 
0.091850 -0.060948 0.095623 
-0.207729 -0.019412 0.448676 
-0.347570 -0.094239 0.180788 
-0.196546 0.297866 0.475905 
0.074605 0.670364 0.078062 
-0.091753 0.591242 -0.183470 
0.226081 0.576954 -0.186300 
0.475789 0.398723 -0.098578 
0.309205 0.320818 -0.357911 
0.283039 0.004020 -0.360293 
0.043579 0.175623 -0.452272 
-0.198879 0.024986 -0.339749 
-0.203963 0.343975 -0.355275 
-0.354263 0.434767 -0.090064 
0.232079 0.550487 0.331148 
0.478588 0.380860 0.218863 
0.563274 0.127342 0.044755 
0.431136 -0.110600 -0.122304 
0.182853 -0.120617 -0.168835 
-0.056507 0.028053 -0.137663 
-0.313833 -0.083680 -0.101176 
-0.451776 0.170860 0.053178 
-0.350152 0.416284 0.225824 
-0.086889 0.558686 0.330510 
0.165594 -0.101949 0.471380 
0.046039 -0.024323 0.530728 
0.186713 0.040592 0.530816 
0.195104 0.196279 0.541708 
0.060363 0.272980 0.553418 
0.189256 0.346918 0.503432 
0.317866 0.115466 0.487944 
0.413301 0.038679 0.391893 
0.425347 0.193580 0.404815 
0.108485 -0.208738 0.371163 
0.254074 -0.173703 0.369482 
0.384535 -0.101777 0.329726 
0.485804 -0.005944 0.262867 
0.317544 -0.211275 0.237450 
0.218610 -0.271375 0.129226 
0.352910 -0.218611 0.094766 
-0.036899 -0.193336 0.361407 
0.024424 -0.260672 0.230163 
0.113212 -0.195619 0.160646 
0.186935 -0.151907 0.059565 
0.000208 -0.125497 0.191938 
-0.132234 -0.107351 0.172670 
-0.040403 -0.019526 0.103741 
-0.081778 -0.091585 0.469837 
-0.172819 -0.149013 0.357116 
-0.234098 -0.179706 0.221887 
-0.251681 -0.116486 0.106775 
-0.297201 -0.074893 0.327095 
-0.312855 0.067755 0.395070 
-0.386598 0.029795 0.264712 
-0.088569 0.051474 0.532683 
-0.211647 0.137303 0.489988 
-0.309132 0.224400 0.408474 
-0.080634 0.207943 0.541000 
-0.062219 0.357890 0.505357 
-0.075676 0.652749 0.078427 
-0.157387 0.616116 -0.049742 
-0.006352 0.654499 -0.061183 
0.068877 0.610640 -0.192149 
-0.014682 0.529556 -0.297547 
0.141741 0.524226 -0.300001 
0.150519 0.648641 -0.063094 
0.222130 0.638297 0.075744 
0.297461 0.596830 -0.054112 
0.421180 0.509933 -0.010917 
0.367381 0.503011 -0.158347 
0.285493 0.465149 -0.286949 
0.181934 0.397095 -0.381940 
0.406136 0.375611 -0.241792 
0.493972 0.268583 -0.172645 
0.412067 0.230036 -0.297799 
0.405384 0.073621 -0.309153 
0.307075 0.160898 -0.388307 
0.183918 0.247082 -0.425704 
0.051552 0.326011 -0.431817 
0.173479 0.090657 -0.427222 
0.147010 -0.055807 -0.374509 
0.034544 0.024826 -0.423533 
-0.079956 -0.039684 -0.349863 
-0.093613 0.100590 -0.424262 
-0.089383 0.260201 -0.429681 
-0.070359 0.408652 -0.381925 
-0.214498 0.182956 -0.379727 
-0.307865 0.104099 -0.289738 
-0.312564 0.261663 -0.291882 
-0.387426 0.306835 -0.163773 
-0.288438 0.404100 -0.233057 
-0.162466 0.483049 -0.281743 
-0.235539 0.525947 -0.150290 
-0.285210 0.537494 -0.003859 
0.147074 0.481047 0.435188 
0.291232 0.425203 0.415735 
0.371513 0.477932 0.291009 
0.302195 0.586035 0.200667 
0.423632 0.502090 0.145935 
0.412746 0.342858 0.360263 
0.507223 0.245594 0.281535 
0.499962 0.395726 0.060916 
0.540247 0.270946 -0.024733 
0.534171 0.136198 -0.102087 
0.549486 0.264015 0.132196 
0.550153 0.120103 0.195778 
0.524050 -0.011782 0.113932 
0.521188 -0.003987 -0.040207 
0.481113 0.015649 -0.187405 
0.454770 -0.125114 0.029184 
0.344895 -0.207194 -0.048548 
0.368729 -0.068156 -0.256515 
0.225998 -0.125452 -0.282182 
0.103688 -0.101873 -0.261397 
0.292493 -0.174204 -0.172443 
0.228258 -0.177813 -0.069124 
0.156794 -0.054295 -0.037197 
0.084131 -0.011624 -0.149997 
-0.010585 -0.029630 -0.252295 
0.031328 0.017873 -0.016698 
-0.113899 0.029234 -0.011633 
-0.243371 -0.038231 -0.002649 
-0.199256 -0.001566 -0.124790 
-0.142857 -0.034047 -0.244070 
-0.273280 -0.038435 -0.229599 
-0.376359 0.052874 -0.167332 
-0.351239 -0.082635 0.033780 
-0.421243 0.035727 -0.030277 
-0.435012 0.176580 -0.091838 
-0.420816 0.029411 0.118445 
-0.434734 0.162231 0.200101 
-0.385356 0.282949 0.286534 
-0.428294 0.305091 0.139515 
-0.431667 0.313930 -0.015996 
-0.379395 0.436606 0.068991 
-0.283839 0.528249 0.151201 
-0.291011 0.375734 0.370666 
-0.234519 0.503419 0.296953 
-0.154910 0.599981 0.202908 
-0.157809 0.444610 0.419925 
-0.009477 0.491443 0.441202 
0.073006 0.579002 0.340009 
-0.003930 0.637597 0.216475 
0.153051 0.630883 0.215067 
0.099288 -0.123721 0.468133 
0.042447 -0.085478 0.494328 
0.110179 -0.062216 0.508695 
0.117745 0.004804 0.543153 
0.049629 0.046271 0.555712 
0.122124 0.081114 0.555735 
0.179411 -0.034742 0.509449 
0.233044 -0.073187 0.464190 
0.246082 -0.000288 0.494661 
0.125694 0.158442 0.557886 
0.057141 0.199218 0.567361 
0.129041 0.235692 0.558413 
0.128279 0.306673 0.532331 
0.063169 0.340486 0.529393 
0.124923 0.376495 0.508066 
0.195366 0.273716 0.530526 
0.259293 0.236183 0.512003 
0.256320 0.314869 0.496025 
0.309863 0.036472 0.473050 
0.255289 0.076470 0.516073 
0.194331 0.117393 0.548971 
0.260078 0.156308 0.522236 
0.318904 0.196163 0.484178 
0.360537 -0.002500 0.425310 
0.368044 0.075717 0.442909 
0.374249 0.155476 0.450105 
0.374145 0.235237 0.441159 
0.422772 0.114905 0.409235 
0.461775 0.078110 0.357738 
0.463410 0.152769 0.360385 
0.072824 -0.177193 0.421772 
0.142953 -0.162235 0.425478 
0.213328 -0.141697 0.425577 
0.281491 -0.111353 0.414726 
0.183025 -0.200565 0.377466 
0.142511 -0.235070 0.314829 
0.217502 -0.224031 0.315745 
0.344008 -0.073864 0.392567 
0.402279 -0.033571 0.364899 
0.456313 0.008211 0.333883 
0.495687 0.057022 0.294857 
0.438107 -0.055780 0.297765 
0.416097 -0.119029 0.259187 
0.467911 -0.068806 0.225777 
0.245562 -0.236948 0.249313 
0.286874 -0.192272 0.303294 
0.323173 -0.141911 0.354817 
0.358646 -0.164646 0.288426 
0.381538 -0.172608 0.214464 
0.195642 -0.260659 0.188818 
0.272257 -0.253404 0.185281 
0.337854 -0.215955 0.166464 
0.399830 -0.177084 0.139705 
0.286257 -0.246729 0.117199 
0.219886 -0.266227 0.063877 
0.293877 -0.241267 0.051904 
0.001639 -0.170124 0.417028 
0.034968 -0.206011 0.363783 
0.067429 -0.239539 0.308685 
0.099298 -0.262331 0.250691 
-0.003635 -0.229603 0.301139 
-0.073993 -0.216501 0.301195 
-0.039910 -0.242689 0.232021 
0.119252 -0.270611 0.179789 
0.153336 -0.242919 0.133690 
0.189968 -0.217758 0.091354 
0.215811 -0.205416 0.036097 
0.156898 -0.166551 0.118507 
0.105896 -0.124430 0.134542 
0.147090 -0.101229 0.081000 
-0.051314 -0.173056 0.217883 
0.012595 -0.194550 0.214609 
0.069360 -0.228171 0.197344 
0.060885 -0.155304 0.179696 
0.048542 -0.088311 0.149438 
-0.116972 -0.162474 0.207859 
-0.066435 -0.109110 0.191713 
-0.016398 -0.063272 0.157366 
0.028098 -0.031694 0.104790 
-0.084061 -0.057593 0.148835 
-0.148543 -0.061416 0.132454 
-0.106082 -0.014412 0.100582 
-0.018136 -0.117324 0.465814 
-0.064998 -0.148514 0.418211 
-0.108366 -0.181572 0.365815 
-0.140688 -0.194168 0.295665 
-0.130613 -0.121776 0.416566 
-0.145054 -0.056694 0.461390 
-0.196982 -0.091226 0.410946 
-0.166537 -0.212995 0.218491 
-0.180565 -0.160824 0.184076 
-0.195132 -0.111996 0.144547 
-0.207701 -0.066945 0.099414 
-0.240707 -0.168466 0.149681 
-0.292963 -0.142665 0.203357 
-0.306600 -0.141048 0.131871 
-0.255333 -0.049723 0.391179 
-0.235008 -0.112758 0.344073 
-0.208941 -0.172214 0.291912 
-0.271626 -0.134637 0.277876 
-0.327474 -0.089073 0.255087 
-0.265277 0.022742 0.426930 
-0.307507 -0.004867 0.364691 
-0.346279 -0.025479 0.298506 
-0.373716 -0.034727 0.225656 
-0.355521 0.041652 0.334450 
-0.348277 0.112700 0.355279 
-0.391230 0.093626 0.298302 
-0.022629 -0.057743 0.509517 
-0.086451 -0.021144 0.503300 
-0.152224 0.015019 0.497137 
-0.020915 0.013474 0.534926 
-0.019537 0.086944 0.557625 
-0.210524 0.057893 0.473284 
-0.269494 0.100471 0.451607 
-0.308774 0.145551 0.407497 
-0.346868 0.187268 0.361444 
-0.266315 0.181996 0.457496 
-0.206543 0.218447 0.489426 
-0.256967 0.261821 0.445930 
-0.015760 0.164315 0.562222 
-0.086016 0.129286 0.544258 
-0.151967 0.093313 0.515150 
-0.147657 0.173354 0.518627 
-0.142463 0.253559 0.515831 
-0.010706 0.240463 0.552627 
-0.074971 0.285805 0.533027 
-0.132645 0.332194 0.500920 
-0.004720 0.312755 0.533698 
0.004314 0.382916 0.511795 
-0.143480 0.631152 0.077881 
-0.182985 0.614365 0.016662 
-0.114408 0.642284 0.010701 
-0.084666 0.644574 -0.058570 
-0.126293 0.608065 -0.117513 
-0.049385 0.629754 -0.125340 
-0.041015 0.658773 0.008356 
-0.001699 0.665540 0.078470 
0.034878 0.672586 0.007013 
-0.012092 0.606007 -0.189065 
-0.053373 0.562647 -0.242812 
0.026019 0.575659 -0.248227 
0.063748 0.534168 -0.298096 
0.023337 0.492203 -0.344698 
0.097980 0.486030 -0.341694 
0.107003 0.575033 -0.250907 
0.149806 0.604241 -0.193619 
0.185228 0.555534 -0.247341 
0.112268 0.667041 0.006205 
0.072438 0.661666 -0.063725 
0.030936 0.635452 -0.127704 
0.111418 0.639463 -0.131714 
0.189252 0.619300 -0.127914 
0.150078 0.658260 0.077015 
0.187720 0.650738 0.006325 
0.227148 0.630665 -0.061283 
0.263721 0.590469 -0.120944 
0.259895 0.628986 0.007153 
0.289337 0.615197 0.074157 
0.324787 0.593725 0.012098 
0.385017 0.553640 0.032603 
0.362235 0.554629 -0.037930 
0.333349 0.552383 -0.107647 
0.300026 0.544642 -0.176451 
0.395639 0.506657 -0.084991 
0.450760 0.456762 -0.054983 
0.425308 0.453056 -0.131197 
0.260017 0.526322 -0.240032 
0.215612 0.499197 -0.296914 
0.169028 0.466419 -0.346437 
0.117442 0.426214 -0.381443 
0.237052 0.434778 -0.341237 
0.301621 0.395892 -0.326812 
0.247245 0.361597 -0.374346 
0.444928 0.391053 -0.172810 
0.394031 0.444894 -0.204929 
0.331083 0.490309 -0.227339 
0.347350 0.421496 -0.266219 
0.361518 0.352176 -0.304787 
0.493342 0.336139 -0.139434 
0.456078 0.324736 -0.209932 
0.412709 0.304410 -0.274178 
0.365604 0.276592 -0.332557 
0.463122 0.257433 -0.244325 
0.492330 0.204100 -0.202634 
0.452973 0.185719 -0.262291 
0.450362 0.110897 -0.267995 
0.412631 0.152462 -0.314502 
0.361973 0.196858 -0.346386 
0.308390 0.241485 -0.375458 
0.359447 0.116093 -0.353550 
0.350322 0.035892 -0.343610 
0.299347 0.079681 -0.384706 
0.250266 0.285183 -0.399861 
0.185247 0.323484 -0.408630 
0.120202 0.359358 -0.413002 
0.055076 0.392713 -0.406370 
0.118557 0.287466 -0.435735 
0.115465 0.211398 -0.447931 
0.047587 0.252147 -0.445116 
0.233288 0.044969 -0.404497 
0.240765 0.125305 -0.409743 
0.246289 0.205051 -0.408547 
0.181308 0.168878 -0.438044 
0.109963 0.134026 -0.442852 
0.214674 -0.026357 -0.370431 
0.162516 0.016321 -0.404363 
0.103680 0.057065 -0.433009 
0.039486 0.098471 -0.445224 
0.094759 -0.012631 -0.402000 
0.081651 -0.071990 -0.355792 
0.029577 -0.041611 -0.390238 
-0.025741 -0.069501 -0.351494 
-0.027399 -0.004580 -0.389712 
-0.027967 0.064527 -0.423126 
-0.026410 0.139837 -0.441066 
-0.088867 0.026678 -0.392913 
-0.142544 -0.015583 -0.355710 
-0.151656 0.061356 -0.387886 
-0.023804 0.217676 -0.447562 
-0.019483 0.293793 -0.434991 
-0.013311 0.366110 -0.414611 
-0.002827 0.432237 -0.382083 
-0.083183 0.338032 -0.414447 
-0.149625 0.303067 -0.398030 
-0.138708 0.379190 -0.373885 
-0.212770 0.100507 -0.371475 
-0.153392 0.141718 -0.400754 
-0.090586 0.180733 -0.426568 
-0.151968 0.222723 -0.402170 
-0.212556 0.264838 -0.374880 
-0.255963 0.063736 -0.319203 
-0.263099 0.143277 -0.336726 
-0.269503 0.224507 -0.344220 
-0.259795 0.302702 -0.324296 
-0.311931 0.183041 -0.299524 
-0.348659 0.144542 -0.250514 
-0.350300 0.219339 -0.250131 
-0.389167 0.241115 -0.191544 
-0.349713 0.290020 -0.229556 
-0.302699 0.334851 -0.265599 
-0.251120 0.379260 -0.300370 
-0.344933 0.359820 -0.202000 
-0.374572 0.372044 -0.128882 
-0.325306 0.423926 -0.164576 
-0.185645 0.414893 -0.320011 
-0.118026 0.447056 -0.334600 
-0.048468 0.474566 -0.343411 
-0.090073 0.510456 -0.292182 
-0.130573 0.542150 -0.235547 
-0.297200 0.482030 -0.122354 
-0.268894 0.471259 -0.196366 
-0.228125 0.445350 -0.260236 
-0.200025 0.506850 -0.217196 
-0.166699 0.563685 -0.170950 
-0.324576 0.491526 -0.048011 
-0.267076 0.538546 -0.079679 
-0.198814 0.575704 -0.102525 
-0.226392 0.581433 -0.033058 
-0.244779 0.577996 0.038598 
0.105180 0.442454 0.478653 
0.175083 0.418994 0.474756 
0.221203 0.457490 0.429213 
0.191210 0.520821 0.388929 
0.265558 0.492385 0.377045 
0.243761 0.389025 0.466563 
0.309750 0.353631 0.449998 
0.303895 0.516346 0.314039 
0.268175 0.569388 0.265835 
0.340448 0.537077 0.249511 
0.364869 0.543008 0.178672 
0.326299 0.587101 0.133274 
0.382648 0.545775 0.106969 
0.405379 0.496229 0.222467 
0.431727 0.433592 0.259471 
0.453273 0.444042 0.183200 
0.368358 0.312442 0.420846 
0.355601 0.386433 0.392515 
0.333393 0.454506 0.355807 
0.397606 0.413947 0.329355 
0.449988 0.365384 0.292408 
0.422758 0.269625 0.387012 
0.464400 0.296422 0.323370 
0.495333 0.313480 0.251156 
0.470049 0.225469 0.348140 
0.502534 0.177103 0.301972 
0.432431 0.508142 0.067288 
0.466229 0.456349 0.023993 
0.492584 0.398478 -0.019545 
0.465449 0.451003 0.104408 
0.496922 0.390974 0.141361 
0.516029 0.338408 -0.062502 
0.526356 0.273107 -0.101783 
0.523941 0.206019 -0.136260 
0.511954 0.140652 -0.169005 
0.543629 0.203754 -0.064236 
0.557059 0.200249 0.010898 
0.554977 0.131522 -0.030785 
0.522923 0.326716 0.177070 
0.529999 0.332392 0.097451 
0.524399 0.335173 0.017379 
0.548912 0.267879 0.053519 
0.559221 0.196257 0.087791 
0.534488 0.257005 0.208805 
0.552371 0.191822 0.163935 
0.558264 0.123895 0.120929 
0.536156 0.186407 0.237073 
0.528194 0.117474 0.263894 
0.524536 0.052650 0.227538 
0.539963 0.053841 0.154524 
0.549540 0.055948 0.078826 
0.511784 -0.012307 0.190253 
0.487400 -0.073373 0.149829 
0.552734 0.058691 0.001987 
0.536006 0.064886 -0.072196 
0.517418 0.071458 -0.144453 
0.485472 0.083292 -0.209071 
0.504882 0.003686 -0.115166 
0.485326 -0.063411 -0.083809 
0.458949 -0.048559 -0.155915 
0.451142 -0.127494 0.106947 
0.495756 -0.072528 0.071895 
0.527311 -0.008660 0.036501 
0.495356 -0.069326 -0.006455 
0.451673 -0.122983 -0.048593 
0.409014 -0.176952 0.063840 
0.404857 -0.170593 -0.011813 
0.390294 -0.162124 -0.084841 
0.355128 -0.213796 0.022395 
0.292048 -0.236696 -0.013710 
0.445172 0.038808 -0.252273 
0.393474 -0.001797 -0.290021 
0.333128 -0.039771 -0.319868 
0.428185 -0.028814 -0.224731 
0.406378 -0.096004 -0.194571 
0.262101 -0.069366 -0.331504 
0.190178 -0.096056 -0.333804 
0.121461 -0.114832 -0.326486 
0.057598 -0.112979 -0.299533 
0.146393 -0.152461 -0.273471 
0.182446 -0.170318 -0.226472 
0.147817 -0.105082 -0.218273 
0.367949 -0.150150 -0.154580 
0.339425 -0.132154 -0.220908 
0.301849 -0.101910 -0.278165 
0.264024 -0.157552 -0.233876 
0.212915 -0.190296 -0.178610 
0.321945 -0.198325 -0.114896 
0.236237 -0.215385 -0.128173 
0.212083 -0.144654 -0.118991 
0.274327 -0.231291 -0.075445 
0.228848 -0.218856 -0.026663 
0.210805 -0.155016 -0.005284 
0.199170 -0.112424 -0.053438 
0.173719 -0.081087 -0.105550 
0.176247 -0.097662 0.014572 
0.127813 -0.048227 0.031422 
0.138597 -0.061380 -0.158279 
0.100673 -0.049109 -0.210927 
0.052868 -0.055896 -0.256426 
0.003686 -0.079114 -0.292302 
0.037921 -0.012422 -0.203234 
0.017082 0.020543 -0.143117 
-0.031143 0.008055 -0.198629 
0.066477 -0.012992 0.042685 
0.099257 -0.009158 -0.024838 
0.122342 -0.028524 -0.092889 
0.061324 0.014199 -0.084211 
-0.010743 0.033381 -0.077444 
-0.001543 0.009102 0.048380 
-0.040314 0.032870 -0.012114 
-0.084290 0.037103 -0.073801 
-0.072154 0.016624 0.048018 
-0.140021 0.002794 0.042639 
-0.204597 -0.026070 0.045877 
-0.184523 0.006655 -0.008842 
-0.156189 0.018891 -0.069105 
-0.128827 0.019067 -0.131758 
-0.224019 -0.012133 -0.062156 
-0.279792 -0.061102 -0.053213 
-0.258081 -0.044037 -0.114758 
-0.102834 0.009171 -0.195093 
-0.076865 -0.028343 -0.246534 
-0.056649 -0.071894 -0.291461 
-0.118267 -0.073397 -0.296246 
-0.181970 -0.047213 -0.302871 
-0.302662 -0.057252 -0.167296 
-0.231801 -0.044956 -0.175233 
-0.169927 -0.013819 -0.185213 
-0.204619 -0.062019 -0.235558 
-0.238038 -0.010324 -0.285372 
-0.356918 -0.016475 -0.137111 
-0.329203 0.004619 -0.202376 
-0.294455 0.030414 -0.263358 
-0.344100 0.073161 -0.231204 
-0.387742 0.118752 -0.195016 
-0.256222 -0.072985 0.054849 
-0.290656 -0.095145 0.002701 
-0.347404 -0.081198 -0.036572 
-0.298911 -0.131296 0.058828 
-0.351924 -0.089668 0.105739 
-0.379292 -0.023849 -0.069915 
-0.402595 0.041864 -0.100500 
-0.411373 0.110875 -0.128421 
-0.409006 0.178854 -0.155968 
-0.439386 0.104523 -0.062235 
-0.442746 0.102272 0.011503 
-0.454806 0.173782 -0.021673 
-0.388879 -0.035226 0.150826 
-0.398054 -0.034003 0.076057 
-0.396100 -0.030324 0.001877 
-0.424675 0.032737 0.043847 
-0.445595 0.098120 0.086133 
-0.411292 0.026365 0.193242 
-0.431748 0.095494 0.159149 
-0.444627 0.166839 0.127427 
-0.416442 0.092524 0.230349 
-0.410118 0.157616 0.265329 
-0.391645 0.215523 0.309587 
-0.415118 0.226586 0.241100 
-0.435777 0.233968 0.170227 
-0.448660 0.239807 0.095846 
-0.412170 0.296891 0.215124 
-0.374255 0.352151 0.259556 
-0.398387 0.365717 0.184456 
-0.448721 0.243233 0.019789 
-0.436295 0.245044 -0.054033 
-0.419282 0.245853 -0.125859 
-0.413761 0.312648 -0.091246 
-0.398794 0.377929 -0.053416 
-0.369899 0.428488 0.148889 
-0.408039 0.372928 0.105425 
-0.435099 0.310575 0.061782 
-0.406884 0.376171 0.025970 
-0.368366 0.435380 -0.011025 
-0.324699 0.479791 0.191533 
-0.336220 0.486285 0.111977 
-0.335476 0.489844 0.031718 
-0.296322 0.538404 0.074157 
-0.246083 0.576084 0.113387 
-0.351734 0.260241 0.353125 
-0.341235 0.330955 0.329762 
-0.320256 0.397147 0.298159 
-0.303226 0.301346 0.393781 
-0.246143 0.339691 0.427705 
-0.294529 0.461132 0.263409 
-0.266623 0.523117 0.227416 
-0.222743 0.565608 0.182845 
-0.181253 0.605811 0.137136 
-0.195900 0.554206 0.251684 
-0.164209 0.536875 0.319317 
-0.122590 0.582986 0.267985 
-0.181994 0.374439 0.453775 
-0.226516 0.411996 0.398556 
-0.265365 0.441797 0.335421 
-0.199592 0.479457 0.363293 
-0.126881 0.509296 0.381115 
-0.113411 0.404765 0.470370 
-0.084439 0.469700 0.431438 
-0.048450 0.526753 0.387861 
-0.041908 0.428732 0.477234 
0.030408 0.442770 0.474777 
0.069600 0.493462 0.438309 
0.030804 0.540300 0.394370 
-0.007962 0.576196 0.338719 
0.112197 0.537556 0.394037 
0.154003 0.571807 0.339077 
-0.045655 0.604141 0.277521 
-0.080806 0.622986 0.211824 
-0.113885 0.635355 0.145409 
-0.040025 0.650290 0.147761 
0.036370 0.658421 0.148815 
0.192483 0.593830 0.275125 
0.113925 0.609565 0.280175 
0.033635 0.616922 0.282792 
0.074650 0.640995 0.217500 
0.113132 0.653343 0.147802 
0.229776 0.614418 0.210791 
0.188957 0.642107 0.146351 
0.261480 0.621944 0.142779 
0.068342 -0.129911 0.461417 
0.041053 -0.111666 0.474244 
0.072627 -0.104676 0.485199 
0.075922 -0.074824 0.504504 
0.044205 -0.057284 0.515239 
0.078607 -0.041500 0.518947 
0.105747 -0.094920 0.491024 
0.132013 -0.113356 0.470319 
0.139195 -0.081855 0.491172 
0.081437 -0.010477 0.539621 
0.047682 0.009946 0.545055 
0.083897 0.025135 0.553551 
0.086050 0.063362 0.559604 
0.051696 0.083999 0.562030 
0.087801 0.101839 0.559235 
0.120528 0.042261 0.553752 
0.152927 0.022412 0.538794 
0.155634 0.060101 0.547843 
0.172573 -0.067567 0.488799 
0.143942 -0.046990 0.506692 
0.113944 -0.029017 0.525529 
0.148600 -0.013211 0.524458 
0.184128 0.001891 0.523675 
0.200002 -0.089317 0.470627 
0.207117 -0.054035 0.487454 
0.214000 -0.018797 0.505129 
0.218039 0.019484 0.516175 
0.240106 -0.037235 0.480303 
0.266958 -0.058004 0.459070 
0.273574 -0.020690 0.473721 
0.089604 0.140318 0.561545 
0.055377 0.160664 0.568360 
0.091449 0.178639 0.562008 
0.093018 0.216686 0.562019 
0.058770 0.236353 0.559264 
0.094233 0.253793 0.554888 
0.127828 0.197028 0.562180 
0.161606 0.177014 0.554517 
0.163414 0.216274 0.554228 
0.095314 0.289502 0.545262 
0.061935 0.308357 0.543962 
0.095687 0.323587 0.532812 
0.095484 0.356334 0.519670 
0.064505 0.370957 0.516921 
0.094080 0.387344 0.504306 
0.127767 0.342512 0.522693 
0.160284 0.326777 0.520673 
0.157188 0.362815 0.507798 
0.196063 0.235388 0.538237 
0.163416 0.254617 0.546287 
0.129145 0.272326 0.547281 
0.161573 0.290090 0.531266 
0.193732 0.311661 0.520388 
0.228727 0.216436 0.530484 
0.228322 0.255442 0.523915 
0.227536 0.294950 0.517023 
0.223453 0.332448 0.502994 
0.259287 0.275929 0.506805 
0.289623 0.256419 0.494484 
0.286293 0.295010 0.483015 
0.305072 -0.002114 0.462451 
0.278802 0.017372 0.485532 
0.251431 0.037186 0.507717 
0.220789 0.058426 0.523445 
0.284624 0.055684 0.497654 
0.314157 0.075763 0.481503 
0.287068 0.095950 0.502417 
0.191636 0.077731 0.543884 
0.158730 0.098529 0.556558 
0.124229 0.119618 0.560503 
0.160488 0.138147 0.557483 
0.194876 0.157215 0.546332 
0.287614 0.136179 0.502189 
0.256481 0.116640 0.517469 
0.225020 0.097020 0.532178 
0.226598 0.136782 0.533939 
0.228677 0.176643 0.535572 
0.319421 0.156107 0.488594 
0.290439 0.176375 0.504320 
0.261239 0.196816 0.520627 
0.289807 0.216351 0.499486 
0.320700 0.236669 0.482595 
0.329738 -0.020943 0.437015 
0.335564 0.016769 0.449943 
0.339216 0.056154 0.458204 
0.344839 0.094974 0.467713 
0.366213 0.035754 0.437468 
0.389285 0.017364 0.410646 
0.392833 0.056092 0.420052 
0.348283 0.135429 0.472074 
0.347817 0.176009 0.468788 
0.348049 0.215979 0.464846 
0.347967 0.256171 0.459177 
0.375133 0.195516 0.447892 
0.400984 0.174800 0.429440 
0.402049 0.214828 0.425327 
0.419759 0.075570 0.404038 
0.395417 0.095371 0.426056 
0.372846 0.115062 0.449806 
0.396642 0.135164 0.427265 
0.422625 0.154396 0.407166 
0.439886 0.057894 0.376531 
0.444599 0.095413 0.385889 
0.445679 0.134504 0.387285 
0.443794 0.172710 0.381315 
0.464409 0.115284 0.363818 
0.477398 0.098146 0.336422 
0.479362 0.133894 0.338511 
0.055812 -0.155913 0.439492 
0.088695 -0.152083 0.445685 
0.121885 -0.143019 0.447655 
0.155731 -0.133466 0.449594 
0.108326 -0.172636 0.425681 
0.090773 -0.195368 0.398596 
0.127183 -0.189111 0.400517 
0.190816 -0.123660 0.451441 
0.225173 -0.109548 0.447856 
0.256917 -0.091644 0.438562 
0.291024 -0.076362 0.432705 
0.246941 -0.126002 0.419537 
0.233909 -0.157490 0.397490 
0.269917 -0.145372 0.394721 
0.145420 -0.204502 0.374013 
0.162917 -0.180253 0.401106 
0.177980 -0.152799 0.426370 
0.199254 -0.171652 0.402019 
0.219892 -0.189796 0.375888 
0.125820 -0.222123 0.343330 
0.163553 -0.221654 0.347591 
0.201581 -0.215567 0.348553 
0.237792 -0.202096 0.344536 
0.180230 -0.232563 0.316991 
0.158348 -0.247272 0.285442 
0.195960 -0.243364 0.286130 
0.322500 -0.057815 0.421914 
0.351053 -0.037312 0.407512 
0.381353 -0.018559 0.395199 
0.407276 0.002618 0.378478 
0.375154 -0.055010 0.380875 
0.366413 -0.090063 0.363550 
0.395964 -0.069313 0.349496 
0.434498 0.022457 0.363565 
0.457995 0.043440 0.345953 
0.476437 0.065553 0.325619 
0.498700 0.086867 0.309331 
0.477317 0.031900 0.314471 
0.473278 -0.001126 0.299348 
0.490984 0.026091 0.279005 
0.411723 -0.078902 0.313876 
0.420545 -0.045700 0.331722 
0.429929 -0.013152 0.350006 
0.449525 -0.025278 0.317377 
0.463933 -0.032322 0.281044 
0.398513 -0.109126 0.293266 
0.429750 -0.089034 0.280096 
0.455928 -0.064625 0.263325 
0.475844 -0.036424 0.244011 
0.444926 -0.096178 0.243819 
0.428276 -0.123703 0.221881 
0.453886 -0.098107 0.205125 
0.210537 -0.252264 0.254126 
0.231983 -0.231102 0.282753 
0.251709 -0.207333 0.309866 
0.270943 -0.183760 0.336818 
0.266549 -0.214948 0.276431 
0.282437 -0.226526 0.245118 
0.303937 -0.204873 0.271809 
0.290010 -0.160147 0.364381 
0.304423 -0.129161 0.387491 
0.313595 -0.093187 0.404690 
0.335008 -0.108832 0.375006 
0.352824 -0.120817 0.341756 
0.340172 -0.191335 0.264075 
0.324340 -0.182010 0.298357 
0.306115 -0.168975 0.329823 
0.340211 -0.152661 0.321254 
0.371511 -0.132666 0.308986 
0.351202 -0.194107 0.227246 
0.372098 -0.170782 0.251903 
0.387660 -0.141654 0.274050 
0.397930 -0.144874 0.236298 
0.411666 -0.151129 0.200224 
0.185014 -0.262946 0.220935 
0.221496 -0.253444 0.219429 
0.259771 -0.247190 0.218070 
0.296807 -0.235829 0.212501 
0.232737 -0.258561 0.187618 
0.207876 -0.270445 0.159358 
0.243255 -0.260830 0.156506 
0.329988 -0.216718 0.202743 
0.360905 -0.196065 0.190792 
0.393410 -0.177541 0.177829 
0.420761 -0.153191 0.162211 
0.370222 -0.198313 0.154232 
0.346687 -0.218250 0.130909 
0.375770 -0.196826 0.117098 
0.251672 -0.255112 0.124679 
0.281220 -0.251852 0.151339 
0.307236 -0.237787 0.177518 
0.313757 -0.234207 0.142200 
0.321894 -0.236542 0.107604 
0.227023 -0.268056 0.098602 
0.259230 -0.256249 0.092909 
0.292082 -0.247533 0.083882 
0.326014 -0.233902 0.072678 
0.264736 -0.256609 0.062218 
0.227163 -0.260771 0.037360 
0.268668 -0.250670 0.032984 
0.020967 -0.154263 0.438844 
0.037210 -0.173471 0.415930 
0.054020 -0.194310 0.394100 
0.071455 -0.209844 0.367712 
0.018291 -0.186818 0.389367 
-0.017695 -0.182377 0.390347 
-0.001612 -0.202977 0.363180 
0.088439 -0.225316 0.340921 
0.105081 -0.241514 0.313993 
0.120718 -0.249902 0.282585 
0.135290 -0.255029 0.250957 
0.083426 -0.251124 0.279004 
0.048104 -0.245746 0.274196 
0.062834 -0.264401 0.248264 
-0.020883 -0.215489 0.334224 
0.015036 -0.221509 0.335518 
0.051864 -0.221057 0.336030 
0.031884 -0.232137 0.302618 
0.012156 -0.247450 0.273735 
-0.056491 -0.208999 0.334373 
-0.038466 -0.220484 0.300017 
-0.022896 -0.244746 0.273913 
-0.007992 -0.252068 0.230844 
-0.057886 -0.238393 0.273831 
-0.092459 -0.230329 0.272438 
-0.071263 -0.234487 0.231560 
0.149505 -0.268287 0.221722 
0.161817 -0.273620 0.190083 
0.162061 -0.274501 0.149071 
0.175510 -0.267989 0.122948 
0.136000 -0.257789 0.157226 
0.116173 -0.231653 0.170704 
0.136621 -0.217348 0.150128 
0.188723 -0.257358 0.099496 
0.200584 -0.246148 0.075832 
0.209011 -0.238290 0.049152 
0.219585 -0.233189 0.021930 
0.203868 -0.209779 0.064893 
0.189680 -0.183995 0.077873 
0.200524 -0.179647 0.046993 
0.134320 -0.180754 0.138802 
0.157925 -0.203522 0.130250 
0.173257 -0.228816 0.114040 
0.175387 -0.192403 0.105434 
0.174500 -0.156805 0.090915 
0.111424 -0.157514 0.151190 
0.135125 -0.142687 0.130123 
0.152667 -0.132984 0.101257 
0.170499 -0.125188 0.071490 
0.128889 -0.109752 0.110978 
0.099652 -0.091151 0.116589 
0.120652 -0.079751 0.089444 
-0.076818 -0.199431 0.221543 
-0.045109 -0.207215 0.222938 
-0.014737 -0.218804 0.218180 
0.015430 -0.233079 0.213404 
-0.019076 -0.182898 0.217300 
-0.025872 -0.148903 0.205078 
0.006266 -0.160650 0.201950 
0.045751 -0.250147 0.210309 
0.074116 -0.266160 0.206348 
0.113771 -0.270550 0.220756 
0.093724 -0.251045 0.186996 
0.093924 -0.209904 0.183974 
0.032715 -0.137882 0.189916 
0.036565 -0.174780 0.197997 
0.042657 -0.209514 0.207913 
0.065171 -0.192352 0.189433 
0.089077 -0.173914 0.172050 
0.024318 -0.106734 0.171407 
0.056824 -0.119083 0.170216 
0.085424 -0.137816 0.161532 
0.076871 -0.106059 0.141536 
0.070294 -0.073262 0.123892 
-0.108208 -0.195486 0.214363 
-0.084298 -0.166685 0.214472 
-0.058318 -0.139917 0.206312 
-0.032562 -0.115673 0.194145 
-0.092112 -0.134958 0.201911 
-0.123397 -0.135924 0.187952 
-0.099684 -0.106544 0.184404 
-0.008002 -0.094449 0.175148 
0.015398 -0.076710 0.151462 
0.039444 -0.057634 0.129892 
0.059243 -0.046751 0.099273 
0.007095 -0.044182 0.134013 
-0.027355 -0.041497 0.129816 
-0.006461 -0.025881 0.104171 
-0.108165 -0.081690 0.163663 
-0.074742 -0.081297 0.172345 
-0.041029 -0.085569 0.175733 
-0.050579 -0.061240 0.152202 
-0.061371 -0.039011 0.126497 
-0.142391 -0.080329 0.157364 
-0.117340 -0.056953 0.143157 
-0.094684 -0.033642 0.126686 
-0.073687 -0.013933 0.103684 
-0.126441 -0.035978 0.120616 
-0.156092 -0.043081 0.109700 
-0.136741 -0.018729 0.095413 
0.011623 -0.128377 0.462235 
-0.011219 -0.146728 0.443373 
-0.032490 -0.161850 0.419056 
-0.052191 -0.173055 0.390617 
-0.042956 -0.134513 0.444465 
-0.048802 -0.103126 0.465966 
-0.074804 -0.121383 0.444849 
-0.073121 -0.191162 0.365565 
-0.092751 -0.204502 0.336089 
-0.108808 -0.209389 0.300398 
-0.125891 -0.219149 0.269230 
-0.127072 -0.192266 0.333989 
-0.141043 -0.165740 0.361965 
-0.158400 -0.174930 0.329139 
-0.108019 -0.108558 0.445680 
-0.097748 -0.135589 0.417712 
-0.087235 -0.165882 0.393614 
-0.120491 -0.152251 0.391881 
-0.153727 -0.138358 0.389742 
-0.114364 -0.075778 0.468197 
-0.139810 -0.091467 0.441561 
-0.164862 -0.108997 0.416426 
-0.187415 -0.123679 0.386793 
-0.171587 -0.074174 0.437105 
-0.176979 -0.038969 0.456454 
-0.201929 -0.054570 0.429094 
-0.134584 -0.221025 0.223937 
-0.140612 -0.193320 0.205894 
-0.148711 -0.162007 0.195293 
-0.156889 -0.134881 0.178959 
-0.173480 -0.192349 0.197370 
-0.202808 -0.195807 0.228877 
-0.205076 -0.192065 0.186358 
-0.165321 -0.107471 0.163055 
-0.172680 -0.084990 0.141110 
-0.180050 -0.064497 0.118591 
-0.186016 -0.044988 0.095043 
-0.203310 -0.087215 0.124553 
-0.226589 -0.112602 0.128956 
-0.229426 -0.092324 0.102658 
-0.235225 -0.185755 0.175525 
-0.210003 -0.165124 0.166667 
-0.189242 -0.134668 0.167777 
-0.218677 -0.136856 0.149732 
-0.244115 -0.143025 0.126941 
-0.263747 -0.161985 0.212816 
-0.273041 -0.163240 0.178460 
-0.269263 -0.164929 0.134240 
-0.272443 -0.148368 0.106943 
-0.296729 -0.137710 0.167138 
-0.318721 -0.117077 0.192278 
-0.324625 -0.117575 0.154976 
-0.233428 -0.036160 0.422389 
-0.225679 -0.069754 0.400565 
-0.218020 -0.104037 0.379059 
-0.205699 -0.133562 0.353048 
-0.246907 -0.083099 0.369408 
-0.277779 -0.063706 0.360877 
-0.268070 -0.096294 0.337893 
-0.193001 -0.163159 0.326841 
-0.175079 -0.185716 0.294809 
-0.157396 -0.205072 0.265185 
-0.189130 -0.190706 0.261063 
-0.220068 -0.172981 0.254523 
-0.284825 -0.105029 0.302574 
-0.253055 -0.122895 0.310525 
-0.224873 -0.145325 0.320615 
-0.239826 -0.151786 0.285253 
-0.252109 -0.157533 0.248299 
-0.311743 -0.081777 0.290644 
-0.302343 -0.114731 0.268283 
-0.285514 -0.142427 0.241396 
-0.314548 -0.119041 0.231149 
-0.336192 -0.090501 0.217106 
-0.237923 0.000775 0.439883 
-0.262941 -0.015416 0.412164 
-0.282868 -0.027989 0.379253 
-0.304212 -0.040638 0.347639 
-0.287739 0.007856 0.397077 
-0.290649 0.044892 0.412168 
-0.312659 0.030192 0.382739 
-0.320948 -0.049588 0.312237 
-0.337048 -0.057198 0.277040 
-0.350169 -0.061819 0.240481 
-0.361611 -0.064925 0.203693 
-0.363182 -0.032365 0.263257 
-0.369563 0.000565 0.283014 
-0.383432 -0.003485 0.246609 
-0.336412 0.052934 0.367189 
-0.334088 0.017155 0.351548 
-0.325531 -0.015019 0.330750 
-0.350376 0.008488 0.316301 
-0.369055 0.035138 0.298451 
-0.333312 0.090362 0.376817 
-0.354781 0.076813 0.347959 
-0.371257 0.067776 0.314469 
-0.390057 0.061778 0.282278 
-0.369573 0.100635 0.327633 
-0.364536 0.133765 0.336623 
-0.387416 0.124552 0.310680 
0.010716 -0.098988 0.480923 
-0.020963 -0.087725 0.487512 
-0.052324 -0.072030 0.487536 
0.010264 -0.073216 0.505534 
0.010913 -0.041600 0.524281 
-0.085131 -0.057176 0.488507 
-0.116968 -0.039261 0.484199 
-0.149773 -0.022230 0.481583 
-0.182079 -0.003386 0.475864 
-0.119191 -0.003187 0.500083 
-0.088650 0.013491 0.521514 
-0.120885 0.033566 0.514769 
0.012284 -0.006333 0.536812 
-0.022509 -0.023554 0.525801 
-0.054526 -0.039455 0.507028 
-0.054703 -0.004228 0.521789 
-0.054877 0.031781 0.535920 
0.013717 0.029359 0.548419 
-0.020705 0.048971 0.549202 
-0.053673 0.069854 0.543484 
0.015003 0.066025 0.560063 
0.016841 0.104675 0.564430 
-0.211104 0.018112 0.464300 
-0.238629 0.039909 0.451311 
-0.268606 0.060452 0.441623 
-0.294066 0.082963 0.425899 
-0.241336 0.078473 0.464780 
-0.212339 0.096853 0.484458 
-0.240136 0.119055 0.470398 
-0.313515 0.106104 0.405033 
-0.328741 0.128433 0.381896 
-0.346582 0.149760 0.361061 
-0.364210 0.169821 0.339781 
-0.327933 0.167076 0.385111 
-0.308520 0.185170 0.409297 
-0.330177 0.205558 0.385962 
-0.238935 0.159540 0.474034 
-0.266291 0.141389 0.453866 
-0.292536 0.123291 0.432197 
-0.289776 0.163419 0.433941 
-0.289042 0.203934 0.434391 
-0.207713 0.177902 0.488381 
-0.237393 0.200553 0.475244 
-0.263108 0.222833 0.454571 
-0.284168 0.243371 0.427884 
-0.232380 0.240667 0.468975 
-0.202124 0.258571 0.483886 
-0.228646 0.280574 0.463494 
0.018672 0.142974 0.566363 
-0.017150 0.125885 0.558710 
-0.052053 0.108265 0.548523 
-0.086471 0.090701 0.536634 
-0.050829 0.147040 0.553676 
-0.048399 0.185971 0.552033 
-0.084197 0.168926 0.546141 
-0.120026 0.072594 0.522756 
-0.151581 0.054496 0.505249 
-0.183336 0.035605 0.488304 
-0.182867 0.075088 0.496633 
-0.183554 0.114864 0.505847 
-0.114922 0.190990 0.531612 
-0.117840 0.151255 0.533190 
-0.118606 0.111830 0.527914 
-0.150850 0.133371 0.520244 
-0.181085 0.155656 0.507281 
-0.111471 0.230237 0.527515 
-0.146266 0.213610 0.520695 
-0.178692 0.195878 0.507281 
-0.176152 0.236641 0.505784 
-0.170329 0.276014 0.496934 
0.020328 0.181800 0.569205 
-0.013726 0.203101 0.561059 
-0.046254 0.224475 0.550053 
0.022435 0.220132 0.564251 
0.024769 0.256310 0.553947 
-0.078842 0.247168 0.540435 
-0.108536 0.269596 0.523753 
-0.137985 0.292731 0.508891 
-0.165584 0.315488 0.489809 
-0.103894 0.308309 0.516561 
-0.069057 0.321978 0.519167 
-0.097466 0.346176 0.505389 
0.026767 0.292947 0.547246 
-0.007996 0.277492 0.545597 
-0.043781 0.263155 0.546520 
-0.039791 0.300165 0.535834 
-0.034462 0.334782 0.520585 
0.029263 0.327164 0.534913 
-0.000945 0.347906 0.523019 
-0.028536 0.370676 0.508799 
0.032159 0.360131 0.522733 
0.036144 0.392502 0.510227 
-0.173037 0.616365 0.077232 
-0.192304 0.608867 0.047851 
-0.162719 0.627128 0.045783 
-0.149997 0.631230 0.012706 
-0.170229 0.614964 -0.016027 
-0.135182 0.629774 -0.020550 
-0.129410 0.639949 0.044685 
-0.109568 0.640120 0.077993 
-0.093628 0.646879 0.044007 
-0.120511 0.628742 -0.054336 
-0.143170 0.615114 -0.084301 
-0.105081 0.625921 -0.088429 
-0.088197 0.619713 -0.121778 
-0.109186 0.600013 -0.150376 
-0.071519 0.614242 -0.156217 
-0.067316 0.638462 -0.092564 
-0.045835 0.653262 -0.060792 
-0.027676 0.643881 -0.094131 
-0.058693 0.659170 0.043475 
-0.077560 0.649256 0.009499 
-0.099660 0.643546 -0.023502 
-0.062759 0.655264 -0.025622 
-0.023990 0.659996 -0.026706 
-0.039487 0.662285 0.078709 
-0.021354 0.665777 0.043078 
-0.003781 0.667611 0.007645 
0.014110 0.667861 -0.028335 
0.016635 0.667842 0.042898 
0.036057 0.668911 0.078282 
0.054867 0.668733 0.042299 
-0.052765 0.602396 -0.188213 
-0.072427 0.577404 -0.213523 
-0.032792 0.583862 -0.215567 
-0.014452 0.572563 -0.247152 
-0.034460 0.548302 -0.272227 
0.004933 0.555682 -0.275123 
0.006992 0.590114 -0.218264 
0.028098 0.609515 -0.190714 
0.047346 0.592702 -0.220196 
0.024415 0.534204 -0.298374 
0.004620 0.510588 -0.321231 
0.043014 0.515144 -0.322598 
0.061169 0.493613 -0.344222 
0.041535 0.471033 -0.362736 
0.077733 0.468230 -0.361175 
0.081701 0.511939 -0.321381 
0.103278 0.533188 -0.301249 
0.119409 0.505079 -0.321410 
0.087917 0.590529 -0.220306 
0.066309 0.575252 -0.248674 
0.045236 0.555849 -0.274342 
0.085160 0.557266 -0.277230 
0.125462 0.552604 -0.277945 
0.109156 0.606587 -0.191883 
0.127983 0.586803 -0.220834 
0.146890 0.566951 -0.249716 
0.163725 0.540598 -0.274620 
0.168042 0.580461 -0.221072 
0.189640 0.594116 -0.191785 
0.205771 0.566324 -0.216839 
0.093185 0.666626 0.041941 
0.073894 0.669999 0.006580 
0.053765 0.669243 -0.029010 
0.032958 0.659919 -0.062992 
0.092472 0.662496 -0.028771 
0.131418 0.660400 -0.029241 
0.112274 0.659246 -0.064152 
0.012222 0.645753 -0.094677 
-0.009236 0.631937 -0.126246 
-0.031220 0.621132 -0.158721 
0.009355 0.620715 -0.158369 
0.049674 0.624870 -0.160516 
0.132023 0.648074 -0.098398 
0.091976 0.654800 -0.099041 
0.051493 0.652788 -0.097474 
0.070733 0.641671 -0.131130 
0.090100 0.623669 -0.161379 
0.170013 0.636508 -0.096553 
0.150577 0.629267 -0.129588 
0.130284 0.621072 -0.162095 
0.170702 0.615268 -0.162050 
0.209054 0.601569 -0.158795 
0.112751 0.664738 0.077565 
0.131477 0.664523 0.041899 
0.150928 0.662330 0.006028 
0.169600 0.651845 -0.028801 
0.168888 0.656680 0.041588 
0.187224 0.651173 0.076460 
0.204932 0.646341 0.041301 
0.189207 0.641791 -0.062694 
0.209236 0.628232 -0.095789 
0.227469 0.607035 -0.125622 
0.246098 0.586301 -0.154798 
0.246254 0.612903 -0.092551 
0.262145 0.612892 -0.057976 
0.280660 0.593718 -0.087427 
0.241151 0.637880 0.041205 
0.224165 0.641116 0.006525 
0.206469 0.640506 -0.027730 
0.242747 0.628185 -0.026679 
0.277438 0.612264 -0.024235 
0.256790 0.628010 0.075217 
0.274808 0.623743 0.041217 
0.292484 0.611094 0.009010 
0.311238 0.594952 -0.020284 
0.304758 0.604915 0.041750 
0.318476 0.599878 0.073319 
0.337364 0.592131 0.043094 
0.366679 0.572556 0.053171 
0.357350 0.575963 0.019399 
0.343067 0.574370 -0.013385 
0.332039 0.578443 -0.047933 
0.374468 0.554277 -0.003090 
0.401622 0.531104 0.011502 
0.393086 0.533408 -0.025922 
0.317008 0.577563 -0.082298 
0.298976 0.572001 -0.114990 
0.283489 0.570662 -0.150129 
0.264491 0.563695 -0.183267 
0.317040 0.549003 -0.141943 
0.351355 0.529349 -0.133538 
0.332807 0.522756 -0.167213 
0.410793 0.510113 -0.049050 
0.379437 0.531677 -0.061764 
0.349763 0.555774 -0.073452 
0.366035 0.531020 -0.097621 
0.383923 0.507213 -0.122604 
0.436697 0.483976 -0.033089 
0.424286 0.482276 -0.070990 
0.411068 0.480446 -0.108161 
0.397337 0.478391 -0.145483 
0.441038 0.457106 -0.094230 
0.466155 0.429668 -0.077540 
0.453779 0.427947 -0.116403 
0.243234 0.551916 -0.213178 
0.224028 0.544047 -0.245742 
0.202056 0.530338 -0.274434 
0.178544 0.511720 -0.297661 
0.239101 0.515246 -0.270872 
0.273287 0.496245 -0.263939 
0.250768 0.482770 -0.292318 
0.156682 0.496584 -0.323456 
0.133829 0.478575 -0.345678 
0.110436 0.457624 -0.362506 
0.086813 0.437420 -0.377707 
0.143812 0.446558 -0.365594 
0.176808 0.431643 -0.364157 
0.148710 0.410991 -0.379902 
0.262939 0.452245 -0.316885 
0.227364 0.467750 -0.319283 
0.192375 0.482800 -0.321665 
0.202568 0.449873 -0.342417 
0.209578 0.415186 -0.360797 
0.295660 0.432080 -0.308988 
0.270688 0.416663 -0.336302 
0.242585 0.397928 -0.357338 
0.215381 0.380870 -0.380855 
0.273819 0.378098 -0.349340 
0.307469 0.359859 -0.345386 
0.277780 0.341163 -0.365520 
0.460909 0.395390 -0.136161 
0.436235 0.422686 -0.152367 
0.410786 0.449981 -0.168336 
0.379344 0.472670 -0.180487 
0.422859 0.419789 -0.190787 
0.428727 0.385574 -0.209556 
0.402971 0.411815 -0.225739 
0.348461 0.495898 -0.191985 
0.315380 0.517471 -0.201546 
0.279597 0.535161 -0.208090 
0.295988 0.509496 -0.234813 
0.309263 0.479263 -0.258995 
0.378144 0.399536 -0.255450 
0.371763 0.434488 -0.237184 
0.361459 0.466116 -0.215273 
0.341582 0.457437 -0.248988 
0.317513 0.444212 -0.278167 
0.382265 0.363643 -0.272075 
0.354517 0.386975 -0.285638 
0.324091 0.408613 -0.296251 
0.333489 0.375521 -0.318221 
0.337748 0.338077 -0.334689 
0.484561 0.367605 -0.118964 
0.472077 0.365451 -0.157646 
0.453002 0.359114 -0.192976 
0.430996 0.350197 -0.225482 
0.477771 0.332346 -0.176729 
0.495789 0.302515 -0.157238 
0.477736 0.297691 -0.192440 
0.410800 0.340791 -0.259241 
0.386343 0.327856 -0.288789 
0.363397 0.314266 -0.318728 
0.337198 0.298456 -0.344688 
0.388877 0.291058 -0.303357 
0.412475 0.267400 -0.286521 
0.390991 0.253493 -0.316909 
0.481409 0.265002 -0.209748 
0.460034 0.291336 -0.227466 
0.435070 0.315677 -0.242772 
0.438512 0.281313 -0.259733 
0.439203 0.245316 -0.273756 
0.495875 0.236247 -0.189166 
0.481654 0.231509 -0.224836 
0.460862 0.221814 -0.256577 
0.434966 0.207843 -0.281643 
0.476645 0.197771 -0.235911 
0.487058 0.173477 -0.213862 
0.470459 0.164685 -0.244449 
0.470347 0.128379 -0.247904 
0.451342 0.148581 -0.268329 
0.433589 0.169867 -0.289235 
0.413471 0.192098 -0.308912 
0.430785 0.131046 -0.290922 
0.428136 0.092674 -0.288011 
0.408112 0.112761 -0.312559 
0.389408 0.214290 -0.325248 
0.365455 0.237087 -0.342552 
0.337881 0.259559 -0.355966 
0.308832 0.281217 -0.366883 
0.336014 0.219241 -0.361988 
0.334863 0.178986 -0.367530 
0.307890 0.201564 -0.382883 
0.382014 0.094509 -0.331186 
0.386860 0.134270 -0.335179 
0.389496 0.174819 -0.333333 
0.361292 0.156602 -0.352100 
0.332479 0.138294 -0.369489 
0.378119 0.055003 -0.326128 
0.357282 0.075183 -0.352573 
0.331567 0.097512 -0.372506 
0.302936 0.120136 -0.386222 
0.326822 0.056728 -0.367712 
0.317874 0.018789 -0.354780 
0.292713 0.040323 -0.375809 
0.279952 0.303000 -0.378739 
0.248325 0.322806 -0.385652 
0.217692 0.343224 -0.394966 
0.184941 0.361485 -0.398524 
0.216999 0.304047 -0.402293 
0.217427 0.265938 -0.413846 
0.185540 0.286057 -0.419897 
0.151357 0.376568 -0.395837 
0.120093 0.394260 -0.400006 
0.088052 0.409155 -0.397980 
0.056775 0.421766 -0.390460 
0.087625 0.376713 -0.412908 
0.086212 0.341527 -0.422383 
0.053274 0.359577 -0.418258 
0.152099 0.267817 -0.433977 
0.153168 0.305859 -0.425237 
0.152486 0.341431 -0.410310 
0.119421 0.323835 -0.424396 
0.084831 0.305910 -0.432106 
0.149576 0.228815 -0.435567 
0.116828 0.249354 -0.441052 
0.083051 0.268994 -0.439126 
0.049678 0.289853 -0.441451 
0.081637 0.232247 -0.450195 
0.079660 0.193487 -0.454243 
0.045509 0.214400 -0.452150 
0.259763 0.023296 -0.384933 
0.266216 0.062574 -0.393905 
0.270006 0.102712 -0.396705 
0.275312 0.142644 -0.402861 
0.237818 0.085098 -0.409224 
0.203718 0.068168 -0.416717 
0.207147 0.107951 -0.418788 
0.277922 0.183465 -0.401468 
0.279062 0.223448 -0.395553 
0.281188 0.263957 -0.390637 
0.249632 0.245359 -0.407926 
0.216136 0.226621 -0.419627 
0.177493 0.129414 -0.433481 
0.212275 0.146993 -0.426251 
0.244642 0.165206 -0.412885 
0.215387 0.187145 -0.426708 
0.183341 0.208690 -0.434875 
0.142633 0.112245 -0.438752 
0.145519 0.151183 -0.441525 
0.148171 0.190391 -0.442374 
0.113101 0.172434 -0.448429 
0.077241 0.154651 -0.450717 
0.249703 -0.012657 -0.368418 
0.225634 0.006810 -0.391635 
0.198164 0.029173 -0.408144 
0.168779 0.052416 -0.418490 
0.190181 -0.006647 -0.391663 
0.180892 -0.041477 -0.373761 
0.156116 -0.021439 -0.393269 
0.139138 0.073222 -0.433817 
0.107211 0.095052 -0.441625 
0.074569 0.116779 -0.442822 
0.041675 0.137158 -0.449025 
0.071796 0.078854 -0.436926 
0.068802 0.042181 -0.426300 
0.037216 0.061372 -0.434138 
0.121974 -0.034525 -0.390575 
0.128503 0.001072 -0.405692 
0.134250 0.036153 -0.421445 
0.099290 0.022052 -0.417169 
0.065537 0.005247 -0.416911 
0.113194 -0.066698 -0.368099 
0.088957 -0.044022 -0.382148 
0.061872 -0.028183 -0.399520 
0.031714 -0.010466 -0.409589 
0.057690 -0.056895 -0.375876 
0.053376 -0.081603 -0.350462 
0.028141 -0.066178 -0.363969 
0.001544 -0.080665 -0.348777 
0.000425 -0.052945 -0.369190 
-0.000016 -0.024347 -0.393781 
0.001349 0.009166 -0.410617 
-0.026168 -0.036401 -0.366626 
-0.052248 -0.055390 -0.351170 
-0.053523 -0.019107 -0.363579 
0.003630 0.045136 -0.423335 
0.004511 0.080663 -0.438716 
0.006173 0.118960 -0.446948 
0.008323 0.157975 -0.447199 
-0.027843 0.101220 -0.435918 
-0.060284 0.082629 -0.423630 
-0.060440 0.120765 -0.433990 
-0.085145 -0.008870 -0.373287 
-0.056384 0.014389 -0.385499 
-0.026595 0.030946 -0.403565 
-0.058580 0.047867 -0.405214 
-0.091635 0.062785 -0.409942 
-0.111070 -0.029320 -0.354560 
-0.117538 0.004169 -0.379613 
-0.121238 0.042287 -0.394428 
-0.123779 0.081034 -0.406983 
-0.149247 0.021203 -0.376733 
-0.171885 0.002831 -0.350326 
-0.177813 0.041643 -0.367099 
0.010156 0.196539 -0.449054 
0.012002 0.234944 -0.446311 
0.013769 0.273015 -0.443465 
0.015873 0.310445 -0.437026 
-0.021568 0.256116 -0.441258 
-0.056746 0.238877 -0.438227 
-0.054707 0.277666 -0.434995 
0.018412 0.345433 -0.424204 
0.021258 0.378575 -0.409968 
0.024456 0.409942 -0.394098 
0.028826 0.440424 -0.378069 
-0.009069 0.400785 -0.401201 
-0.043434 0.388232 -0.402023 
-0.036556 0.422212 -0.384481 
-0.087483 0.300082 -0.426289 
-0.051950 0.315953 -0.427667 
-0.016638 0.330325 -0.425204 
-0.047839 0.351522 -0.413344 
-0.076962 0.372783 -0.397101 
-0.121083 0.281989 -0.417083 
-0.117681 0.321568 -0.409098 
-0.111082 0.357891 -0.393153 
-0.104083 0.394112 -0.378067 
-0.143351 0.340204 -0.383899 
-0.178306 0.324523 -0.379756 
-0.171048 0.361202 -0.364052 
-0.206323 0.061755 -0.356768 
-0.182113 0.080608 -0.380477 
-0.153261 0.101322 -0.396618 
-0.125214 0.120841 -0.416310 
-0.184961 0.121016 -0.390087 
-0.214328 0.141898 -0.377446 
-0.184362 0.162347 -0.391188 
-0.093327 0.140784 -0.429716 
-0.059196 0.160037 -0.436300 
-0.025358 0.178410 -0.446653 
-0.058726 0.199406 -0.441003 
-0.089831 0.220542 -0.427980 
-0.183031 0.203122 -0.389763 
-0.152726 0.182192 -0.402021 
-0.123766 0.161524 -0.417416 
-0.121517 0.201634 -0.415149 
-0.121346 0.241698 -0.416793 
-0.214351 0.224309 -0.379724 
-0.182708 0.243791 -0.389774 
-0.150556 0.262902 -0.399992 
-0.182293 0.284611 -0.388814 
-0.210486 0.305622 -0.368968 
-0.228655 0.043385 -0.331776 
-0.235065 0.081869 -0.345559 
-0.239737 0.121785 -0.356133 
-0.241795 0.162550 -0.361814 
-0.259357 0.103467 -0.328628 
-0.279561 0.085361 -0.302055 
-0.286628 0.123180 -0.314744 
-0.244218 0.203854 -0.365861 
-0.242234 0.245179 -0.361308 
-0.238406 0.284823 -0.352408 
-0.233957 0.324091 -0.341802 
-0.265002 0.264325 -0.335542 
-0.289116 0.243285 -0.316841 
-0.288606 0.282966 -0.310439 
-0.312114 0.142979 -0.298370 
-0.288731 0.163284 -0.319774 
-0.268965 0.183147 -0.344851 
-0.291095 0.203470 -0.321661 
-0.310462 0.222390 -0.295876 
-0.331001 0.124254 -0.271932 
-0.332698 0.163045 -0.277200 
-0.330211 0.201882 -0.274540 
-0.331073 0.240045 -0.269870 
-0.346890 0.182047 -0.251739 
-0.363469 0.163390 -0.228820 
-0.367050 0.199422 -0.230474 
-0.386102 0.209862 -0.202363 
-0.371813 0.233194 -0.223376 
-0.352158 0.255405 -0.242354 
-0.331462 0.277308 -0.261475 
-0.372187 0.266881 -0.211734 
-0.387497 0.273318 -0.177387 
-0.367081 0.299245 -0.195989 
-0.310094 0.299726 -0.281445 
-0.283422 0.320601 -0.297589 
-0.256075 0.341176 -0.313294 
-0.226757 0.361226 -0.327265 
-0.278410 0.357448 -0.283971 
-0.298035 0.371027 -0.251647 
-0.271305 0.393372 -0.267988 
-0.364485 0.332979 -0.181414 
-0.348536 0.325002 -0.216857 
-0.326812 0.312651 -0.247765 
-0.325916 0.349323 -0.236135 
-0.319298 0.383944 -0.219647 
-0.383915 0.340491 -0.147837 
-0.358313 0.365779 -0.164589 
-0.335774 0.392308 -0.183578 
-0.307545 0.415140 -0.199486 
-0.351411 0.398869 -0.147333 
-0.365666 0.403824 -0.110038 
-0.342676 0.431602 -0.128810 
-0.194598 0.379129 -0.337023 
-0.164076 0.398878 -0.349677 
-0.130125 0.415320 -0.356783 
-0.094438 0.427806 -0.358364 
-0.152976 0.432784 -0.329533 
-0.175270 0.449882 -0.302082 
-0.140019 0.464844 -0.308120 
-0.060249 0.440984 -0.361538 
-0.025837 0.451643 -0.361190 
0.007569 0.463072 -0.363285 
-0.012649 0.483125 -0.342610 
-0.032630 0.503028 -0.320358 
-0.125241 0.495014 -0.285296 
-0.106002 0.481134 -0.315649 
-0.084154 0.462780 -0.341375 
-0.070109 0.494643 -0.320266 
-0.052519 0.520781 -0.294868 
-0.146429 0.511888 -0.257879 
-0.110638 0.527383 -0.265221 
-0.072457 0.538104 -0.268533 
-0.092739 0.555384 -0.241138 
-0.111368 0.567357 -0.209566 
-0.328540 0.460933 -0.107669 
-0.313704 0.455159 -0.144775 
-0.297795 0.447811 -0.180751 
-0.280620 0.438848 -0.216214 
-0.283931 0.477672 -0.159627 
-0.269146 0.506598 -0.138355 
-0.252504 0.499092 -0.173321 
-0.259499 0.425707 -0.247875 
-0.241319 0.414130 -0.281913 
-0.219278 0.398192 -0.311861 
-0.207839 0.431362 -0.291524 
-0.197285 0.466190 -0.273272 
-0.219417 0.518643 -0.185176 
-0.235149 0.490151 -0.207879 
-0.249404 0.459753 -0.229676 
-0.215769 0.477846 -0.240015 
-0.182403 0.496846 -0.250749 
-0.203098 0.547203 -0.162362 
-0.185273 0.537803 -0.195940 
-0.164534 0.523127 -0.225493 
-0.148028 0.552138 -0.202733 
-0.128117 0.575107 -0.176046 
-0.338461 0.462424 -0.068820 
-0.310046 0.485970 -0.085023 
-0.284846 0.512768 -0.102298 
-0.253340 0.534877 -0.116463 
-0.295311 0.513924 -0.063934 
-0.306083 0.516314 -0.025967 
-0.275229 0.536380 -0.041458 
-0.217627 0.551629 -0.126788 
-0.182919 0.570103 -0.136551 
-0.145909 0.584634 -0.143741 
-0.164202 0.594801 -0.111828 
-0.179593 0.599021 -0.077434 
-0.258387 0.561583 -0.020051 
-0.245553 0.558726 -0.056006 
-0.233478 0.557891 -0.092229 
-0.211525 0.576805 -0.067056 
-0.191216 0.597148 -0.042264 
-0.266498 0.560214 0.017449 
-0.237967 0.581967 0.002320 
-0.204417 0.598704 -0.008690 
-0.214955 0.596629 0.024991 
-0.221933 0.591002 0.058406 
0.084685 0.419997 0.492021 
0.117520 0.409310 0.491717 
0.140383 0.431069 0.475823 
0.126479 0.463473 0.459609 
0.162034 0.450009 0.453844 
0.150253 0.396607 0.490262 
0.183800 0.383466 0.490122 
0.184828 0.470922 0.433743 
0.169618 0.503032 0.415037 
0.207460 0.490409 0.410452 
0.228249 0.505886 0.382233 
0.210808 0.533522 0.358300 
0.249107 0.521404 0.354182 
0.243648 0.475615 0.404340 
0.256687 0.442242 0.423708 
0.280623 0.461163 0.399070 
0.217123 0.368156 0.486395 
0.210267 0.405807 0.473520 
0.199049 0.440030 0.454797 
0.234637 0.425452 0.450533 
0.267376 0.407054 0.440824 
0.249559 0.351064 0.479144 
0.276347 0.371379 0.458213 
0.301506 0.390319 0.433587 
0.282147 0.333414 0.471516 
0.313377 0.314318 0.460388 
0.269957 0.536170 0.324909 
0.251587 0.562793 0.299819 
0.287834 0.545834 0.291757 
0.306068 0.556247 0.260043 
0.286727 0.580683 0.234543 
0.323271 0.564819 0.226935 
0.321383 0.525981 0.281070 
0.338518 0.498212 0.303803 
0.355342 0.507032 0.269632 
0.336248 0.567450 0.191739 
0.313803 0.585379 0.166155 
0.344921 0.565065 0.156528 
0.354932 0.565475 0.122550 
0.334951 0.584174 0.101405 
0.365319 0.568258 0.089525 
0.375081 0.544738 0.143145 
0.397410 0.525316 0.164168 
0.404669 0.526469 0.126703 
0.387350 0.486129 0.256086 
0.372202 0.515881 0.236221 
0.355257 0.542900 0.214796 
0.387501 0.523252 0.201424 
0.417634 0.501379 0.184928 
0.399844 0.454046 0.274246 
0.417929 0.464275 0.240549 
0.432689 0.471826 0.204167 
0.440768 0.474999 0.165090 
0.443895 0.439632 0.221607 
0.458389 0.408929 0.240571 
0.466484 0.412906 0.201213 
0.343422 0.294651 0.447079 
0.339729 0.333162 0.435968 
0.333793 0.371074 0.422354 
0.323145 0.405669 0.403751 
0.361882 0.349187 0.405995 
0.392900 0.329416 0.393121 
0.386100 0.365564 0.378315 
0.314250 0.442004 0.388220 
0.301583 0.475786 0.368911 
0.284726 0.504532 0.345457 
0.318491 0.485306 0.334840 
0.352861 0.466852 0.324092 
0.407480 0.379403 0.346557 
0.378959 0.402295 0.363511 
0.345685 0.421556 0.375275 
0.366384 0.435181 0.343892 
0.383400 0.444788 0.309224 
0.430870 0.354335 0.326110 
0.423467 0.389279 0.310592 
0.413859 0.423307 0.294041 
0.443547 0.400886 0.277572 
0.467303 0.374867 0.257142 
0.370894 0.273582 0.430674 
0.397884 0.291857 0.406372 
0.420350 0.307351 0.375845 
0.398717 0.253173 0.414803 
0.424241 0.231980 0.396650 
0.438413 0.319596 0.341798 
0.459538 0.332023 0.309387 
0.475128 0.340798 0.272922 
0.489384 0.348289 0.236281 
0.482860 0.306660 0.288828 
0.485065 0.271021 0.301530 
0.502564 0.279857 0.266986 
0.446822 0.210442 0.376687 
0.445386 0.247278 0.366572 
0.442444 0.283496 0.354481 
0.466267 0.260595 0.335070 
0.488317 0.236633 0.314614 
0.468939 0.189189 0.356896 
0.489488 0.202069 0.326285 
0.506358 0.210809 0.292802 
0.485676 0.167565 0.334075 
0.502271 0.145670 0.312949 
0.387954 0.550327 0.070152 
0.407730 0.529765 0.049397 
0.425084 0.506087 0.028255 
0.410256 0.529799 0.088331 
0.431431 0.506523 0.107439 
0.443062 0.482217 0.006399 
0.458329 0.455785 -0.015648 
0.471692 0.427494 -0.037309 
0.484474 0.398594 -0.058960 
0.482150 0.429104 0.001810 
0.486282 0.427867 0.042451 
0.499623 0.398405 0.020420 
0.447614 0.478328 0.126104 
0.452137 0.481682 0.086102 
0.448883 0.481858 0.045828 
0.467096 0.453650 0.064425 
0.483168 0.423691 0.082777 
0.462551 0.449066 0.144502 
0.483731 0.422744 0.123167 
0.498702 0.393081 0.101031 
0.478116 0.419255 0.163242 
0.488549 0.386110 0.180524 
0.495603 0.368748 -0.080405 
0.501324 0.336197 -0.099877 
0.507166 0.304088 -0.119215 
0.510621 0.271448 -0.137605 
0.519885 0.305412 -0.081761 
0.529034 0.304943 -0.043276 
0.535459 0.272581 -0.063459 
0.509948 0.238240 -0.153906 
0.510775 0.206079 -0.170831 
0.506382 0.173896 -0.185398 
0.497705 0.142931 -0.198355 
0.521308 0.172993 -0.153362 
0.531180 0.171476 -0.118632 
0.523992 0.138391 -0.136421 
0.543687 0.237467 -0.044677 
0.538347 0.238999 -0.083021 
0.526256 0.239299 -0.119578 
0.534194 0.204943 -0.100591 
0.542494 0.169870 -0.083838 
0.552519 0.236397 -0.007035 
0.551141 0.202175 -0.026913 
0.553159 0.168122 -0.047754 
0.547496 0.133748 -0.067730 
0.557339 0.166079 -0.009855 
0.560894 0.164105 0.027939 
0.555815 0.129661 0.007252 
0.503433 0.355538 0.199034 
0.510156 0.359291 0.159258 
0.512480 0.361429 0.119299 
0.516754 0.365212 0.079262 
0.525283 0.328923 0.136927 
0.534546 0.294881 0.154035 
0.536787 0.297267 0.114731 
0.514051 0.366438 0.038877 
0.511739 0.368467 -0.001146 
0.507287 0.370164 -0.041535 
0.523877 0.337961 -0.022792 
0.532598 0.303186 -0.003761 
0.549744 0.265930 0.092630 
0.540390 0.300342 0.075202 
0.530659 0.334820 0.057114 
0.537466 0.301868 0.035516 
0.548054 0.270150 0.013987 
0.558372 0.230681 0.109799 
0.554712 0.232151 0.070982 
0.556984 0.234696 0.031909 
0.558345 0.198218 0.049459 
0.565005 0.162191 0.066283 
0.512791 0.321642 0.215974 
0.528811 0.291557 0.193223 
0.541746 0.260428 0.170762 
0.516209 0.286151 0.230348 
0.524485 0.252650 0.246737 
0.554657 0.228204 0.148830 
0.559071 0.194223 0.126303 
0.562064 0.160169 0.104740 
0.563770 0.125367 0.083311 
0.559465 0.158189 0.142452 
0.555296 0.156219 0.180180 
0.557672 0.121698 0.158902 
0.525892 0.217417 0.260300 
0.538882 0.221941 0.224072 
0.544134 0.224785 0.185837 
0.544409 0.189277 0.200605 
0.544240 0.154064 0.215842 
0.520605 0.182534 0.270517 
0.532104 0.151863 0.249705 
0.536446 0.119147 0.229411 
0.519899 0.149293 0.283078 
0.514414 0.116480 0.294420 
0.515767 0.084817 0.278909 
0.527616 0.084967 0.245365 
0.536897 0.085857 0.210577 
0.509847 0.054315 0.261155 
0.508662 0.021237 0.245841 
0.547401 0.086380 0.175005 
0.551700 0.088142 0.137623 
0.554381 0.089888 0.099921 
0.557265 0.091249 0.061844 
0.547849 0.054266 0.117196 
0.535372 0.019997 0.134754 
0.540675 0.020624 0.096353 
0.501803 -0.010940 0.227815 
0.521489 0.019263 0.209851 
0.533574 0.052895 0.191380 
0.527717 0.019973 0.172061 
0.515912 -0.010859 0.151825 
0.489058 -0.040525 0.207630 
0.498205 -0.041847 0.169876 
0.505534 -0.042435 0.131572 
0.476591 -0.070448 0.187691 
0.462661 -0.100027 0.167071 
0.556706 0.093333 0.023794 
0.553474 0.095423 -0.014245 
0.545028 0.097933 -0.050998 
0.538940 0.100408 -0.087733 
0.545841 0.061560 -0.035868 
0.540178 0.025724 -0.019571 
0.529806 0.030056 -0.056540 
0.530040 0.103135 -0.123485 
0.515458 0.106489 -0.156340 
0.499624 0.110358 -0.187195 
0.487454 0.114831 -0.219142 
0.498693 0.077242 -0.175573 
0.497538 0.043315 -0.164128 
0.483015 0.050275 -0.198233 
0.516281 -0.001380 -0.078584 
0.522387 0.033190 -0.093637 
0.529866 0.067428 -0.109366 
0.512690 0.037088 -0.130200 
0.493265 0.009097 -0.151181 
0.506984 -0.035483 -0.062506 
0.498479 -0.031149 -0.100704 
0.483581 -0.023660 -0.136104 
0.473236 -0.018090 -0.173184 
0.473375 -0.056760 -0.120643 
0.456827 -0.086097 -0.102674 
0.447918 -0.081337 -0.140301 
0.443531 -0.125597 0.145172 
0.470526 -0.101568 0.128481 
0.491834 -0.072754 0.110679 
0.508073 -0.041057 0.092695 
0.472453 -0.099391 0.089275 
0.456146 -0.128249 0.068129 
0.476585 -0.099969 0.050486 
0.526383 -0.010321 0.075152 
0.539409 0.023188 0.057614 
0.552187 0.057141 0.040720 
0.543415 0.023386 0.019155 
0.526684 -0.007292 -0.002179 
0.476248 -0.098340 0.011394 
0.499105 -0.072722 0.032628 
0.515130 -0.042400 0.054179 
0.515023 -0.040788 0.014879 
0.508270 -0.036538 -0.023320 
0.454159 -0.124184 -0.009562 
0.472613 -0.095270 -0.027291 
0.490709 -0.066232 -0.044972 
0.467189 -0.092028 -0.065749 
0.442488 -0.117340 -0.086117 
0.424859 -0.151499 0.123646 
0.432918 -0.154730 0.085580 
0.434705 -0.153612 0.046590 
0.404104 -0.175661 0.101875 
0.379428 -0.195012 0.079959 
0.430135 -0.148129 0.008449 
0.430176 -0.149239 -0.030210 
0.423757 -0.145643 -0.068224 
0.411518 -0.137305 -0.103739 
0.399985 -0.168334 -0.049152 
0.377409 -0.192010 -0.031430 
0.366911 -0.183828 -0.065941 
0.353572 -0.213242 0.058507 
0.381465 -0.194161 0.042788 
0.407760 -0.173468 0.025749 
0.382608 -0.195629 0.005331 
0.353194 -0.213637 -0.014023 
0.325503 -0.226607 0.038361 
0.324397 -0.228030 0.003024 
0.318094 -0.224562 -0.030731 
0.293378 -0.233673 0.019295 
0.268372 -0.250240 0.001210 
0.469856 0.094080 -0.241104 
0.447398 0.074841 -0.260660 
0.427728 0.054346 -0.283681 
0.464750 0.060756 -0.229908 
0.462975 0.026054 -0.220343 
0.401996 0.034689 -0.302800 
0.371367 0.016850 -0.316755 
0.341381 -0.001374 -0.331119 
0.308768 -0.018674 -0.342110 
0.364124 -0.020746 -0.305591 
0.381980 -0.035574 -0.273933 
0.353542 -0.056683 -0.290651 
0.457541 -0.008654 -0.208131 
0.437362 0.004729 -0.239053 
0.422124 0.017438 -0.273284 
0.411098 -0.016143 -0.257746 
0.398287 -0.048116 -0.240593 
0.446364 -0.041120 -0.192123 
0.417887 -0.062285 -0.209756 
0.386066 -0.081001 -0.224339 
0.435795 -0.074201 -0.176919 
0.421756 -0.106024 -0.159875 
0.273079 -0.032587 -0.345684 
0.239630 -0.049522 -0.353961 
0.204380 -0.063145 -0.355749 
0.169367 -0.073636 -0.352642 
0.227033 -0.084951 -0.336416 
0.247235 -0.101828 -0.311018 
0.209418 -0.114633 -0.310737 
0.134442 -0.084771 -0.347921 
0.101949 -0.092878 -0.341202 
0.071551 -0.103470 -0.337222 
0.037716 -0.111986 -0.317970 
0.082728 -0.126658 -0.308034 
0.102032 -0.132293 -0.287901 
0.079154 -0.108899 -0.278255 
0.191622 -0.139654 -0.285393 
0.173707 -0.120828 -0.306244 
0.154117 -0.100230 -0.324780 
0.139831 -0.131461 -0.305227 
0.122683 -0.132230 -0.265933 
0.209319 -0.154127 -0.261791 
0.164489 -0.161836 -0.250193 
0.141942 -0.134774 -0.242169 
0.126363 -0.101810 -0.240860 
0.162500 -0.138570 -0.219380 
0.182206 -0.144397 -0.196849 
0.167880 -0.110467 -0.194707 
0.402007 -0.132873 -0.140210 
0.389343 -0.125563 -0.175622 
0.371836 -0.112769 -0.207264 
0.354806 -0.100329 -0.238965 
0.352552 -0.139262 -0.186359 
0.332543 -0.165719 -0.166544 
0.319169 -0.158178 -0.199089 
0.337761 -0.087715 -0.270554 
0.319844 -0.074101 -0.301829 
0.297986 -0.055343 -0.327550 
0.282305 -0.086329 -0.305483 
0.264286 -0.112267 -0.280560 
0.280267 -0.169370 -0.205157 
0.304180 -0.148981 -0.231462 
0.322154 -0.119415 -0.251915 
0.285397 -0.133353 -0.259032 
0.244495 -0.138607 -0.256199 
0.259064 -0.192231 -0.183188 
0.244036 -0.181403 -0.211276 
0.227317 -0.168244 -0.237311 
0.198685 -0.179600 -0.202750 
0.198894 -0.153404 -0.173076 
0.381458 -0.158883 -0.121038 
0.348204 -0.177826 -0.136150 
0.307600 -0.188639 -0.144661 
0.359662 -0.183367 -0.101900 
0.332875 -0.200656 -0.081512 
0.272486 -0.201869 -0.153989 
0.225223 -0.202384 -0.153903 
0.211985 -0.165404 -0.148471 
0.198969 -0.131324 -0.143788 
0.219106 -0.181270 -0.123475 
0.225880 -0.198581 -0.098887 
0.217655 -0.161940 -0.093369 
0.306363 -0.214318 -0.061198 
0.296204 -0.210408 -0.093167 
0.285135 -0.209434 -0.124672 
0.247060 -0.226973 -0.101763 
0.234999 -0.215836 -0.075519 
0.285362 -0.237347 -0.045639 
0.240480 -0.234663 -0.053245 
0.231601 -0.196620 -0.046036 
0.246428 -0.247894 -0.029497 
0.231666 -0.239646 -0.006771 
0.225266 -0.207089 0.005194 
0.224994 -0.185447 -0.015424 
0.222235 -0.164029 -0.037991 
0.216292 -0.178776 0.017171 
0.202299 -0.149785 0.028136 
0.213354 -0.145401 -0.061383 
0.203366 -0.127998 -0.086381 
0.197504 -0.109926 -0.112466 
0.181574 -0.097394 -0.138065 
0.188354 -0.095114 -0.078908 
0.178377 -0.082589 -0.045270 
0.166461 -0.065149 -0.071481 
0.182371 -0.124122 0.038138 
0.198241 -0.124490 0.005452 
0.208672 -0.131244 -0.028320 
0.187764 -0.103354 -0.019202 
0.168889 -0.073430 -0.010016 
0.162425 -0.097125 0.048707 
0.155706 -0.070482 0.024396 
0.145078 -0.046850 -0.001688 
0.136295 -0.075644 0.055859 
0.109793 -0.053028 0.064245 
0.164757 -0.088027 -0.164125 
0.146761 -0.079777 -0.189773 
0.124630 -0.076839 -0.213593 
0.103954 -0.074894 -0.237851 
0.123040 -0.051437 -0.186089 
0.114520 -0.032791 -0.154257 
0.092228 -0.030398 -0.180618 
0.080421 -0.077291 -0.259030 
0.056710 -0.082234 -0.277695 
0.031512 -0.093818 -0.292845 
0.009638 -0.102443 -0.314799 
0.028537 -0.064773 -0.276414 
0.021499 -0.041787 -0.252097 
-0.002452 -0.052728 -0.275533 
0.062220 -0.008434 -0.177661 
0.071227 -0.027530 -0.207574 
0.075931 -0.052351 -0.232933 
0.047099 -0.031266 -0.231650 
0.014185 -0.017099 -0.229302 
0.050551 0.004731 -0.146114 
0.028458 0.006250 -0.174343 
0.004382 0.002393 -0.201913 
-0.020356 -0.012178 -0.224916 
-0.007626 0.013852 -0.170774 
-0.019771 0.028424 -0.140334 
-0.043489 0.023020 -0.169583 
0.080679 -0.033998 0.070618 
0.098269 -0.028700 0.038348 
0.113068 -0.029595 0.003231 
0.129801 -0.029209 -0.030083 
0.083076 -0.008910 0.009533 
0.050712 0.007004 0.013745 
0.066971 0.008592 -0.019407 
0.142866 -0.036930 -0.065387 
0.151909 -0.050495 -0.099486 
0.158190 -0.069256 -0.131693 
0.132157 -0.042546 -0.126420 
0.104120 -0.017773 -0.121964 
0.047085 0.018642 -0.050322 
0.080214 0.002032 -0.054246 
0.113941 -0.014128 -0.059162 
0.093875 -0.003818 -0.088203 
0.072707 0.001021 -0.117021 
0.011536 0.030229 -0.047256 
0.025987 0.024807 -0.080261 
0.038814 0.017457 -0.113532 
0.003124 0.026690 -0.110719 
-0.032877 0.035005 -0.108055 
0.047891 -0.020020 0.075051 
0.032480 -0.000286 0.046078 
0.016048 0.017612 0.016959 
0.014007 -0.012021 0.075545 
-0.020981 -0.005496 0.075859 
-0.004022 0.029482 -0.013683 
-0.024940 0.033800 -0.044970 
-0.047454 0.038171 -0.076012 
-0.070493 0.034661 -0.105522 
-0.062445 0.035660 -0.043507 
-0.076913 0.032770 -0.012245 
-0.099165 0.035580 -0.041879 
-0.054431 0.002052 0.077717 
-0.037089 0.014380 0.049026 
-0.020189 0.021932 0.017526 
-0.055959 0.026592 0.018699 
-0.091970 0.023360 0.017781 
-0.088749 0.001363 0.075011 
-0.106686 0.013290 0.046167 
-0.127468 0.018544 0.016875 
-0.121289 -0.001759 0.071935 
-0.153167 -0.009685 0.067628 
-0.182450 -0.027608 0.066696 
-0.174339 -0.007391 0.043549 
-0.162608 0.007528 0.017016 
-0.149259 0.018454 -0.010869 
-0.195781 -0.007831 0.019437 
-0.226102 -0.028132 0.022783 
-0.216712 -0.012954 -0.005973 
-0.135695 0.027767 -0.041024 
-0.121485 0.030508 -0.071866 
-0.107519 0.033135 -0.104141 
-0.093308 0.028100 -0.135419 
-0.143348 0.024288 -0.101088 
-0.176554 0.006438 -0.097317 
-0.165766 0.012648 -0.129106 
-0.234529 -0.023385 -0.032074 
-0.205857 0.000462 -0.035640 
-0.171163 0.015067 -0.038634 
-0.190349 0.002886 -0.065899 
-0.210030 -0.008568 -0.093384 
-0.261513 -0.050067 -0.028480 
-0.253382 -0.036216 -0.058186 
-0.240085 -0.030179 -0.088790 
-0.229956 -0.022315 -0.120609 
-0.269777 -0.050290 -0.083458 
-0.295128 -0.080894 -0.078177 
-0.282742 -0.073194 -0.109031 
-0.080035 0.024008 -0.167275 
-0.066856 0.011621 -0.197633 
-0.055110 -0.006655 -0.224020 
-0.044067 -0.024124 -0.251716 
-0.088816 -0.010412 -0.219615 
-0.123583 -0.012943 -0.219060 
-0.109862 -0.032259 -0.244045 
-0.033935 -0.045635 -0.275060 
-0.026083 -0.073700 -0.291322 
-0.017800 -0.094861 -0.316684 
-0.045750 -0.088672 -0.318120 
-0.074389 -0.081773 -0.319686 
-0.128832 -0.055916 -0.267889 
-0.098086 -0.047226 -0.271013 
-0.066322 -0.043482 -0.273853 
-0.087549 -0.070207 -0.294745 
-0.103669 -0.061360 -0.333748 
-0.161222 -0.063747 -0.267016 
-0.148030 -0.071140 -0.295747 
-0.134069 -0.047933 -0.333382 
-0.162238 -0.030291 -0.327469 
-0.188224 -0.010046 -0.317858 
-0.302323 -0.077310 -0.132993 
-0.272391 -0.067515 -0.140860 
-0.245726 -0.041463 -0.145757 
-0.217150 -0.021786 -0.151645 
-0.261766 -0.067092 -0.171356 
-0.289501 -0.048690 -0.199645 
-0.249538 -0.068129 -0.201278 
-0.184886 -0.004156 -0.156468 
-0.151156 0.007570 -0.160444 
-0.115571 0.016072 -0.163799 
-0.136316 -0.001517 -0.189622 
-0.156377 -0.022768 -0.215612 
-0.235571 -0.065951 -0.230998 
-0.216778 -0.054181 -0.203813 
-0.203449 -0.024740 -0.182244 
-0.188491 -0.032995 -0.211311 
-0.173021 -0.048030 -0.237830 
-0.252752 -0.022142 -0.254609 
-0.229122 -0.044943 -0.268318 
-0.192041 -0.067277 -0.265176 
-0.209844 -0.028467 -0.294654 
-0.220467 0.005599 -0.314735 
-0.339793 -0.044360 -0.119421 
-0.326989 -0.035538 -0.150395 
-0.311372 -0.023266 -0.181368 
-0.299147 -0.016476 -0.215608 
-0.342268 -0.005634 -0.168889 
-0.370824 0.017828 -0.154099 
-0.352283 0.028569 -0.184498 
-0.282443 -0.004335 -0.244992 
-0.266075 0.009855 -0.274593 
-0.250517 0.024820 -0.306484 
-0.275513 0.046495 -0.291403 
-0.299802 0.067773 -0.275488 
-0.359527 0.062213 -0.198810 
-0.339360 0.037556 -0.218637 
-0.314606 0.014983 -0.235419 
-0.321857 0.050624 -0.249725 
-0.324890 0.087918 -0.259998 
-0.384491 0.085502 -0.182413 
-0.366434 0.095097 -0.213320 
-0.344769 0.109145 -0.240351 
-0.367372 0.129275 -0.223421 
-0.385536 0.150946 -0.204074 
-0.209644 -0.045725 0.073415 
-0.231616 -0.047422 0.051076 
-0.252132 -0.053708 0.026253 
-0.231851 -0.069977 0.076726 
-0.255528 -0.094578 0.081361 
-0.271272 -0.062801 0.001234 
-0.286821 -0.076287 -0.024975 
-0.305734 -0.092582 -0.049989 
-0.337723 -0.076277 -0.070677 
-0.313451 -0.104875 -0.021311 
-0.318499 -0.114886 0.009846 
-0.352311 -0.084219 -0.001837 
-0.273341 -0.125533 0.080447 
-0.276043 -0.100748 0.056833 
-0.275504 -0.080442 0.029698 
-0.296261 -0.112613 0.031090 
-0.334663 -0.111452 0.047960 
-0.298514 -0.144213 0.088693 
-0.334408 -0.115282 0.083628 
-0.350529 -0.084853 0.069879 
-0.328642 -0.115503 0.119228 
-0.353187 -0.094876 0.142537 
-0.348679 -0.045835 -0.085614 
-0.366942 -0.020452 -0.103590 
-0.384175 0.011464 -0.120586 
-0.391996 0.045759 -0.135054 
-0.391541 0.009288 -0.084789 
-0.405015 0.003790 -0.051191 
-0.414110 0.037816 -0.066253 
-0.396914 0.080288 -0.148550 
-0.402782 0.113475 -0.162934 
-0.402021 0.147204 -0.174842 
-0.394680 0.179891 -0.184456 
-0.413308 0.144969 -0.142595 
-0.423159 0.143199 -0.109226 
-0.424487 0.177749 -0.125594 
-0.433446 0.068916 -0.046500 
-0.425025 0.071412 -0.082473 
-0.410011 0.075935 -0.115443 
-0.427915 0.107203 -0.096859 
-0.437165 0.141023 -0.076501 
-0.434317 0.068287 -0.009351 
-0.443595 0.103117 -0.025501 
-0.445872 0.139026 -0.041336 
-0.444767 0.175296 -0.057302 
-0.451999 0.137259 -0.004952 
-0.450879 0.136057 0.032400 
-0.457395 0.172290 0.015947 
-0.371591 -0.067102 0.166531 
-0.374758 -0.064895 0.128756 
-0.376787 -0.062508 0.091764 
-0.376516 -0.061020 0.054130 
-0.393276 -0.034128 0.113569 
-0.406118 -0.003549 0.134835 
-0.411514 -0.002840 0.097577 
-0.370824 -0.056368 0.018152 
-0.370186 -0.056735 -0.017514 
-0.362493 -0.052401 -0.052810 
-0.392609 -0.028937 -0.035175 
-0.412272 0.000925 -0.014611 
-0.423263 0.031206 0.081175 
-0.412899 -0.001131 0.059959 
-0.395844 -0.030750 0.038716 
-0.411468 0.000882 0.022863 
-0.423979 0.034276 0.006667 
-0.434054 0.063222 0.102287 
-0.439226 0.064058 0.064954 
-0.437540 0.066322 0.027480 
-0.447674 0.099745 0.048536 
-0.449431 0.134533 0.069558 
-0.382138 -0.035448 0.188225 
-0.401408 -0.005025 0.172353 
-0.419433 0.026773 0.156122 
-0.390486 -0.003594 0.208690 
-0.396468 0.028480 0.228123 
-0.429961 0.061670 0.139255 
-0.436856 0.097229 0.122586 
-0.443754 0.132871 0.106361 
-0.450702 0.168818 0.090576 
-0.441959 0.130594 0.143387 
-0.437091 0.128340 0.179896 
-0.442737 0.164584 0.164343 
-0.402907 0.060031 0.247219 
-0.414330 0.059742 0.212074 
-0.425439 0.059927 0.176416 
-0.423667 0.094024 0.194750 
-0.426219 0.126772 0.214530 
-0.407010 0.091795 0.265422 
-0.416642 0.125155 0.248450 
-0.420813 0.159912 0.232903 
-0.404966 0.124070 0.281252 
-0.396386 0.155439 0.294396 
-0.387650 0.183076 0.316199 
-0.404436 0.188173 0.286596 
-0.415407 0.191960 0.253658 
-0.424733 0.195135 0.219506 
-0.406899 0.222269 0.276648 
-0.390617 0.249472 0.299359 
-0.403371 0.256333 0.264122 
-0.435684 0.198198 0.184933 
-0.441202 0.200686 0.148523 
-0.450517 0.203232 0.112155 
-0.453569 0.205392 0.074344 
-0.442312 0.236989 0.133348 
-0.433335 0.269745 0.155056 
-0.437728 0.272500 0.117148 
-0.397287 0.289996 0.250333 
-0.416156 0.261848 0.229156 
-0.427742 0.230640 0.206631 
-0.427896 0.266599 0.193015 
-0.421354 0.301491 0.177472 
-0.382811 0.318274 0.274656 
-0.392945 0.324665 0.236760 
-0.402448 0.330106 0.198993 
-0.411228 0.334907 0.160965 
-0.385864 0.358860 0.222045 
-0.361231 0.383516 0.242256 
-0.377502 0.393186 0.206513 
-0.453812 0.207314 0.036819 
-0.454950 0.209152 -0.000925 
-0.448466 0.210298 -0.037937 
-0.439017 0.211089 -0.073300 
-0.446144 0.244637 -0.017907 
-0.444339 0.279508 0.002087 
-0.437886 0.280086 -0.035986 
-0.431277 0.211984 -0.108928 
-0.417722 0.212182 -0.141912 
-0.399122 0.211456 -0.171059 
-0.402565 0.243957 -0.158055 
-0.403754 0.277121 -0.143819 
-0.421692 0.312965 -0.053599 
-0.424584 0.279044 -0.071744 
-0.430466 0.246095 -0.090729 
-0.416316 0.278871 -0.108512 
-0.403843 0.311242 -0.128755 
-0.414945 0.345896 -0.034129 
-0.404660 0.344591 -0.071945 
-0.397609 0.344254 -0.110782 
-0.384517 0.374023 -0.090455 
-0.375612 0.406069 -0.071402 
-0.363228 0.424377 0.188493 
-0.387122 0.398967 0.167394 
-0.403764 0.369403 0.144825 
-0.421699 0.340383 0.123212 
-0.389359 0.400991 0.127058 
-0.376141 0.433012 0.109383 
-0.395151 0.405330 0.087556 
-0.435398 0.308790 0.101023 
-0.441242 0.275052 0.078981 
-0.448691 0.241594 0.057628 
-0.443389 0.277379 0.040708 
-0.434649 0.312589 0.023044 
-0.394720 0.407095 0.047157 
-0.407841 0.374414 0.065621 
-0.425228 0.343356 0.083552 
-0.421750 0.343852 0.044080 
-0.418943 0.345021 0.004942 
-0.375445 0.436586 0.028539 
-0.390913 0.407853 0.007339 
-0.406225 0.378463 -0.013923 
-0.386630 0.408844 -0.032762 
-0.360594 0.434400 -0.050270 
-0.338077 0.448302 0.208966 
-0.349442 0.455213 0.170718 
-0.353943 0.458143 0.130541 
-0.357981 0.461872 0.090620 
-0.333128 0.484593 0.152052 
-0.306088 0.506664 0.171868 
-0.312411 0.509328 0.132592 
-0.357663 0.463685 0.050194 
-0.354504 0.464578 0.010087 
-0.349654 0.465359 -0.030111 
-0.333269 0.492682 -0.008524 
-0.312228 0.515224 0.013460 
-0.292871 0.534637 0.113565 
-0.318866 0.514689 0.093311 
-0.339329 0.489816 0.071797 
-0.318398 0.516282 0.052855 
-0.292214 0.537838 0.034630 
-0.265477 0.553269 0.132334 
-0.270198 0.555250 0.094152 
-0.269071 0.555910 0.055699 
-0.247980 0.575937 0.075730 
-0.224354 0.593315 0.094608 
-0.370262 0.203878 0.337933 
-0.371671 0.238600 0.330957 
-0.367321 0.272645 0.319408 
-0.351205 0.223757 0.359701 
-0.332789 0.243881 0.383738 
-0.366418 0.308394 0.309739 
-0.360511 0.343528 0.296553 
-0.348977 0.376013 0.279902 
-0.335643 0.407128 0.262230 
-0.332499 0.365089 0.315139 
-0.318011 0.353941 0.351184 
-0.308084 0.388666 0.335806 
-0.308678 0.263690 0.404256 
-0.330291 0.281644 0.375522 
-0.346806 0.295633 0.341776 
-0.322445 0.317156 0.362216 
-0.298053 0.338594 0.383211 
-0.279472 0.281863 0.419627 
-0.274538 0.320204 0.410309 
-0.268545 0.358142 0.399901 
-0.253807 0.301748 0.439824 
-0.223209 0.320113 0.454958 
-0.322926 0.438986 0.244941 
-0.310037 0.470663 0.227937 
-0.294076 0.499714 0.209315 
-0.274487 0.524206 0.188973 
-0.283341 0.494272 0.247110 
-0.267330 0.484381 0.282372 
-0.252846 0.515957 0.264014 
-0.254497 0.547712 0.168469 
-0.236734 0.573033 0.149266 
-0.215762 0.593250 0.128498 
-0.192941 0.607612 0.106281 
-0.203178 0.588550 0.161391 
-0.190832 0.585390 0.195074 
-0.168270 0.602725 0.169318 
-0.217206 0.532144 0.276129 
-0.233342 0.541937 0.242048 
-0.245440 0.546193 0.205550 
-0.211112 0.562211 0.218182 
-0.176668 0.579889 0.228995 
-0.198438 0.518332 0.307293 
-0.180865 0.546883 0.285881 
-0.159965 0.569916 0.261050 
-0.139016 0.592001 0.235581 
-0.144524 0.562895 0.295211 
-0.126354 0.550296 0.326881 
-0.105402 0.572952 0.300343 
-0.189314 0.336000 0.464302 
-0.214222 0.357128 0.440989 
-0.236185 0.375556 0.412751 
-0.258877 0.394159 0.385243 
-0.206153 0.395147 0.429008 
-0.171979 0.411673 0.439759 
-0.193878 0.430273 0.411901 
-0.278478 0.409313 0.353201 
-0.292643 0.419205 0.316825 
-0.309325 0.430544 0.281950 
-0.279156 0.451213 0.298960 
-0.251734 0.474481 0.317336 
-0.177579 0.460460 0.390071 
-0.213957 0.446363 0.381848 
-0.246611 0.427849 0.368027 
-0.234961 0.462914 0.351982 
-0.218513 0.493537 0.331352 
-0.143707 0.478176 0.401996 
-0.163002 0.493504 0.371655 
-0.181305 0.507269 0.340308 
-0.144713 0.521683 0.349207 
-0.106919 0.534315 0.355736 
-0.157972 0.353757 0.477899 
-0.147243 0.389408 0.461711 
-0.135354 0.424141 0.444408 
-0.123630 0.368909 0.485754 
-0.088757 0.382117 0.490490 
-0.121809 0.458411 0.427342 
-0.106541 0.491799 0.409180 
-0.087961 0.519699 0.385711 
-0.068381 0.544912 0.361064 
-0.067571 0.500519 0.411480 
-0.047885 0.482292 0.437679 
-0.029502 0.511360 0.416603 
-0.053885 0.394646 0.493739 
-0.078297 0.418663 0.476618 
-0.100665 0.439518 0.453173 
-0.063894 0.450956 0.456745 
-0.027007 0.460523 0.459211 
-0.019401 0.405307 0.494331 
-0.005776 0.436197 0.475268 
0.010785 0.467792 0.460102 
0.014615 0.415431 0.495377 
0.048602 0.421481 0.491924 
0.067637 0.446763 0.477842 
0.049250 0.470191 0.458702 
0.030168 0.494398 0.440024 
0.088162 0.470548 0.460957 
0.109110 0.490770 0.438765 
0.010432 0.516758 0.417986 
-0.008989 0.534419 0.391006 
-0.028944 0.554230 0.365514 
-0.048340 0.570534 0.336433 
0.011706 0.557321 0.366045 
0.051858 0.562682 0.369331 
0.032475 0.578510 0.339692 
0.130007 0.509807 0.414968 
0.090810 0.517216 0.418409 
0.050418 0.518677 0.418593 
0.071629 0.542786 0.396512 
0.092898 0.561381 0.369183 
0.151619 0.529785 0.391210 
0.132644 0.552956 0.365233 
0.113439 0.576845 0.340087 
0.172282 0.545246 0.362869 
0.192894 0.560061 0.334082 
-0.066079 0.581056 0.303949 
-0.085076 0.596074 0.274287 
-0.102363 0.605721 0.241561 
-0.117139 0.609326 0.207105 
-0.064079 0.616658 0.245825 
-0.024378 0.620942 0.247168 
-0.042306 0.630085 0.213978 
-0.133657 0.617692 0.175170 
-0.148159 0.621044 0.142098 
-0.159939 0.618221 0.108973 
-0.128582 0.634539 0.111219 
-0.093803 0.645230 0.112366 
-0.022604 0.647399 0.182992 
-0.059398 0.635573 0.179999 
-0.097386 0.629678 0.178774 
-0.077091 0.643659 0.146862 
-0.057359 0.651526 0.112998 
0.016412 0.651875 0.183903 
-0.002317 0.657744 0.148852 
-0.020305 0.658016 0.113452 
0.017318 0.661784 0.113620 
0.055487 0.666486 0.114082 
0.212375 0.573268 0.303638 
0.174384 0.585928 0.308706 
0.134327 0.594099 0.311507 
0.093917 0.596039 0.311386 
0.154052 0.605185 0.279141 
0.172892 0.614704 0.246458 
0.133789 0.621165 0.248160 
0.053396 0.600463 0.313384 
0.012725 0.597182 0.311574 
-0.026830 0.589876 0.307874 
-0.006176 0.610084 0.279795 
0.014764 0.626427 0.249097 
0.114393 0.639540 0.217410 
0.094235 0.626266 0.249580 
0.074344 0.616060 0.282612 
0.054599 0.629131 0.250106 
0.035510 0.638937 0.216721 
0.133311 0.645787 0.182505 
0.094397 0.650751 0.183474 
0.055390 0.648952 0.183035 
0.074803 0.656815 0.148582 
0.094132 0.664395 0.113660 
0.231022 0.583178 0.271564 
0.212184 0.607247 0.244566 
0.191639 0.624623 0.213608 
0.249447 0.593277 0.239537 
0.265221 0.598434 0.205663 
0.170489 0.634632 0.180140 
0.151285 0.649440 0.147441 
0.131703 0.657901 0.112719 
0.169770 0.654004 0.112328 
0.206275 0.643706 0.111131 
0.280901 0.603688 0.172590 
0.244446 0.614871 0.175646 
0.208568 0.628200 0.178776 
0.224557 0.629476 0.144036 
0.241378 0.632636 0.109762 
0.295776 0.607353 0.139358 
0.276260 0.621863 0.108314 
0.307877 0.605488 0.105777 
